ID Converged Psurf H2O O O2 O3 H2O2
4903 True 0.20617859228154406 228286874691.8942 2.2829E+11 1.0005E-02 9.9937E-03 9.994E-03 4.996E-03
83386 True 0.20586604688060373 228272873023.96622 2.2827E+11 9.9934E-03 1.0010E-02 9.994E-03 4.985E-03
59510 True 0.20608374530364826 228294359399.04495 2.2829E+11 1.0003E-02 9.9994E-03 9.997E-03 5.010E-03
54928 True 0.20618202389995716 228276200986.65305 2.2828E+11 1.0018E-02 9.9918E-03 1.000E-02 4.993E-03
34303 True 0.2060825326495765 228290633459.30084 2.2829E+11 9.9860E-03 1.0001E-02 1.001E-02 5.002E-03
51878 True 0.20567986243240752 228279182519.06174 2.2828E+11 9.9977E-03 1.0017E-02 9.999E-03 5.009E-03
37464 True 0.2058779608702204 228293027555.81412 2.2829E+11 9.9982E-03 1.0012E-02 1.000E-02 5.006E-03
82649 True 0.2058662895360519 228282828148.87384 2.2828E+11 1.0003E-02 1.0006E-02 1.001E-02 5.003E-03
45575 True 0.20609070773708466 228270277620.66986 2.2827E+11 1.0008E-02 9.9973E-03 9.992E-03 5.000E-03
45256 True 0.2058766930404132 228290549384.79395 2.2829E+11 9.9991E-03 1.0012E-02 1.000E-02 4.990E-03
97526 True 0.2060929380286769 228299007195.39972 2.2830E+11 9.9853E-03 1.0003E-02 1.001E-02 4.994E-03
5621 True 0.20606124393395073 228300385616.1536 2.2830E+11 1.0006E-02 9.9996E-03 9.995E-03 4.987E-03
26094 True 0.20630236362551369 228279861910.4075 2.2828E+11 1.0003E-02 9.9873E-03 1.002E-02 4.994E-03
37439 True 0.20605818803504017 228282712146.05817 2.2828E+11 9.9975E-03 1.0004E-02 9.996E-03 4.994E-03
27451 True 0.2062137106197257 228277375630.07587 2.2828E+11 1.0014E-02 9.9910E-03 9.991E-03 5.003E-03
1863 True 0.2058500687869131 228292996545.12064 2.2829E+11 1.0019E-02 1.0005E-02 1.001E-02 5.007E-03
25402 True 0.2061887389596365 228290392405.87878 2.2829E+11 9.9925E-03 9.9940E-03 1.000E-02 5.005E-03
28164 True 0.20608374696432658 228294737703.20255 2.2829E+11 1.0003E-02 9.9992E-03 9.996E-03 4.993E-03
64388 True 0.20623051353594968 228289516685.07767 2.2829E+11 9.9895E-03 9.9923E-03 9.995E-03 5.019E-03
96730 True 0.20648272864633146 228285546445.05023 2.2829E+11 1.0002E-02 9.9779E-03 1.001E-02 4.987E-03
78977 True 0.20588708777667888 228297475653.82706 2.2830E+11 9.9984E-03 1.0010E-02 1.000E-02 5.005E-03
76655 True 0.2058754253896809 228289497861.8508 2.2829E+11 9.9997E-03 1.0011E-02 1.000E-02 4.992E-03
82317 True 0.20616659118392838 228273362267.0766 2.2827E+11 1.0006E-02 9.9933E-03 9.996E-03 4.997E-03
96534 True 0.2060647888580807 228292862734.6144 2.2829E+11 1.0002E-02 1.0000E-02 9.997E-03 5.008E-03
1973 True 0.20616507965106043 228306457938.56012 2.2831E+11 1.0039E-02 9.9930E-03 1.002E-02 5.005E-03
65907 True 0.20606124367883713 228295554946.2575 2.2830E+11 1.0005E-02 1.0000E-02 9.995E-03 4.991E-03
61468 True 0.20615961452889142 228288811736.38083 2.2829E+11 1.0002E-02 9.9952E-03 9.996E-03 4.995E-03
61046 True 0.20609482315915323 228276601089.83643 2.2828E+11 9.9987E-03 9.9981E-03 1.001E-02 4.990E-03
49565 True 0.20651164879240427 228281347512.86047 2.2828E+11 1.0032E-02 9.9739E-03 9.988E-03 5.019E-03
66228 True 0.206080204788702 228303276526.01065 2.2830E+11 1.0012E-02 9.9993E-03 9.992E-03 4.982E-03
2833 True 0.2056717653934858 228264170995.87036 2.2826E+11 9.9896E-03 1.0015E-02 9.992E-03 4.975E-03
90116 True 0.2057601297256294 228297965771.29056 2.2830E+11 9.9494E-03 1.0022E-02 1.002E-02 4.989E-03
43515 True 0.2061672265800975 228290722556.49353 2.2829E+11 9.9941E-03 9.9951E-03 9.996E-03 5.015E-03
84229 True 0.20610688000728306 228300988765.88678 2.2830E+11 9.9738E-03 1.0005E-02 1.002E-02 4.995E-03
58609 True 0.2060556547080603 228283885140.65323 2.2828E+11 9.9996E-03 1.0001E-02 9.995E-03 4.994E-03
57799 True 0.2062067596237279 228299667232.10345 2.2830E+11 9.9849E-03 9.9943E-03 1.000E-02 5.010E-03
51404 True 0.2058662900038099 228281206523.82562 2.2828E+11 1.0003E-02 1.0011E-02 1.001E-02 5.006E-03
87567 True 0.20647990335697164 228284592708.67297 2.2828E+11 1.0008E-02 9.9770E-03 1.001E-02 4.994E-03
93811 True 0.20618202389995716 228276556035.9927 2.2828E+11 1.0017E-02 9.9920E-03 1.000E-02 4.993E-03
3292 True 0.20568745969163882 228278856173.8801 2.2828E+11 9.9925E-03 1.0024E-02 1.000E-02 5.008E-03
82453 True 0.20586627946154282 228276092680.1842 2.2828E+11 1.0000E-02 1.0013E-02 1.002E-02 5.011E-03
46494 True 0.20594560858613462 228314001463.43533 2.2831E+11 9.9585E-03 1.0010E-02 1.003E-02 4.994E-03
1204 True 0.20651799444260957 228282809274.445 2.2828E+11 1.0011E-02 9.9749E-03 1.001E-02 4.992E-03
85820 True 0.20587541727346081 228290648051.12247 2.2829E+11 1.0000E-02 1.0012E-02 1.001E-02 4.991E-03
11742 True 0.20616304190709384 228280939328.51532 2.2828E+11 1.0017E-02 9.9932E-03 9.999E-03 4.991E-03
58434 True 0.20657217255737093 228308728253.5841 2.2831E+11 9.9894E-03 9.9751E-03 9.997E-03 5.053E-03
49016 True 0.20526630413196117 228314410546.12515 2.2831E+11 9.9004E-03 1.0053E-02 1.002E-02 4.985E-03
3825 True 0.20588708777667888 228297558792.09158 2.2830E+11 9.9983E-03 1.0010E-02 1.000E-02 5.005E-03
19418 True 0.2062608393652158 228291578226.7985 2.2829E+11 1.0008E-02 9.9892E-03 9.994E-03 5.000E-03
27767 True 0.20645450992011377 228281475605.95407 2.2828E+11 1.0029E-02 9.9767E-03 9.989E-03 5.017E-03
71812 True 0.20627983121477775 228289351967.54883 2.2829E+11 1.0008E-02 9.9879E-03 1.000E-02 4.991E-03
82010 True 0.20490434106400057 228254142520.39746 2.2825E+11 9.9950E-03 1.0065E-02 1.000E-02 4.970E-03
42135 True 0.20615594401130294 228304813034.60757 2.2830E+11 1.0036E-02 9.9926E-03 1.001E-02 5.005E-03
27580 True 0.2058751711800166 228282892286.1848 2.2828E+11 9.9930E-03 1.0009E-02 9.997E-03 4.991E-03
46418 True 0.20651164628784738 228281543044.36856 2.2828E+11 1.0005E-02 9.9757E-03 1.002E-02 4.986E-03
61312 True 0.2058779605802165 228293769314.99155 2.2829E+11 9.9982E-03 1.0008E-02 9.999E-03 5.014E-03
78607 True 0.20614338664851303 228298878384.72717 2.2830E+11 1.0015E-02 9.9948E-03 9.991E-03 4.989E-03
82513 True 0.20559731537693676 228215806116.54214 2.2822E+11 1.0020E-02 1.0020E-02 9.960E-03 4.956E-03
51683 True 0.20600287171847767 228251049425.16922 2.2825E+11 1.0017E-02 1.0005E-02 9.995E-03 4.962E-03
88645 True 0.20620549297805407 228299317281.27017 2.2830E+11 9.9856E-03 9.9939E-03 1.000E-02 5.010E-03
22439 True 0.20413905881116837 228234209164.7061 2.2823E+11 9.9965E-03 1.0103E-02 1.001E-02 4.956E-03
16285 True 0.2050953879354103 228316393787.8982 2.2832E+11 9.8935E-03 1.0057E-02 1.002E-02 4.985E-03
50626 True 0.20586628930756595 228283768300.73813 2.2828E+11 1.0000E-02 1.0013E-02 1.001E-02 5.001E-03
30574 True 0.20559731394166064 228220625589.7933 2.2822E+11 1.0018E-02 1.0017E-02 9.962E-03 4.961E-03
87319 True 0.20615321604193998 228292231978.86002 2.2829E+11 1.0016E-02 9.9942E-03 9.994E-03 4.990E-03
17738 True 0.20661332110143768 228281765797.30133 2.2828E+11 1.0036E-02 9.9679E-03 9.984E-03 5.030E-03
18251 True 0.20616509045005352 228306394053.68225 2.2831E+11 1.0037E-02 9.9926E-03 1.001E-02 5.006E-03
95248 True 0.20619470650585814 228279825872.07657 2.2828E+11 1.0006E-02 9.9919E-03 1.001E-02 5.001E-03
57433 True 0.20600971120953557 228339472033.75024 2.2834E+11 9.9303E-03 1.0012E-02 1.005E-02 4.997E-03
55533 True 0.2063967418669812 228298849523.526 2.2830E+11 1.0000E-02 9.9832E-03 9.995E-03 5.023E-03
55778 True 0.20617287786022706 228269376440.2441 2.2827E+11 1.0017E-02 9.9921E-03 1.000E-02 4.993E-03
54137 True 0.20683035161592694 228258225774.01154 2.2826E+11 9.9746E-03 9.9600E-03 1.002E-02 4.968E-03
34309 True 0.20592914437738907 228314842655.087 2.2831E+11 9.9723E-03 1.0005E-02 1.002E-02 4.994E-03
64355 True 0.20569024810763956 228291908896.49866 2.2829E+11 9.9975E-03 1.0017E-02 1.000E-02 5.011E-03
73931 True 0.2061472189778914 228337354075.87167 2.2834E+11 9.9710E-03 1.0001E-02 1.003E-02 5.017E-03
68872 True 0.20584801275596257 228263087602.6861 2.2826E+11 1.0001E-02 1.0014E-02 1.003E-02 5.029E-03
11660 True 0.20599373344259825 228244373217.18298 2.2824E+11 1.0020E-02 1.0004E-02 9.994E-03 4.957E-03
90164 True 0.20534428357099407 228310099608.66928 2.2831E+11 9.9873E-03 1.0040E-02 9.994E-03 5.015E-03
4800 True 0.20637139732277138 228302882774.77814 2.2830E+11 9.9899E-03 9.9851E-03 9.998E-03 5.046E-03
17914 True 0.20679431474518692 228289872463.6361 2.2829E+11 1.0036E-02 9.9590E-03 9.996E-03 5.024E-03
60684 True 0.20338116861579647 228209489974.1553 2.2821E+11 9.9960E-03 1.0141E-02 1.001E-02 4.933E-03
28849 True 0.20631056363068967 228301294870.60468 2.2830E+11 9.9933E-03 9.9884E-03 9.998E-03 5.034E-03
89144 True 0.205606431877435 228226976904.98608 2.2823E+11 1.0016E-02 1.0017E-02 9.965E-03 4.965E-03
1661 True 0.20589697137630195 228292299158.5605 2.2829E+11 9.9829E-03 1.0013E-02 1.000E-02 4.999E-03
47338 True 0.20605210260939003 228288606329.9659 2.2829E+11 1.0008E-02 1.0002E-02 1.000E-02 5.000E-03
3376 True 0.20634730845220003 228301889954.3065 2.2830E+11 9.9938E-03 9.9860E-03 9.997E-03 5.021E-03
6472 True 0.2063854058480841 228260188910.86084 2.2826E+11 1.0041E-02 9.9795E-03 1.000E-02 4.994E-03
68547 True 0.20603858562188082 228217641522.2013 2.2822E+11 1.0032E-02 9.9964E-03 9.990E-03 4.927E-03
93729 True 0.20598184786498672 228338321522.46625 2.2834E+11 9.9524E-03 1.0006E-02 1.004E-02 5.008E-03
19905 True 0.20629861347883013 228285649903.65482 2.2829E+11 1.0104E-02 9.9806E-03 9.993E-03 5.011E-03
56746 True 0.20563358479016788 228411143590.3435 2.2841E+11 9.8298E-03 1.0041E-02 1.009E-02 5.000E-03
18534 True 0.20763287162398153 228228259749.8969 2.2823E+11 9.9414E-03 9.9185E-03 1.004E-02 4.937E-03
89482 True 0.20438743061858555 228402108320.86884 2.2840E+11 9.7729E-03 1.0109E-02 1.005E-02 5.035E-03
50468 True 0.20643477793694898 228295028940.17996 2.2830E+11 1.0002E-02 9.9807E-03 1.001E-02 4.998E-03
10138 True 0.2053005403713754 228283143331.0474 2.2828E+11 1.0003E-02 1.0042E-02 1.000E-02 4.983E-03
75595 True 0.20641293389454915 228288767961.35318 2.2829E+11 1.0014E-02 9.9815E-03 9.996E-03 4.980E-03
88599 True 0.20733343591844555 228296853886.21704 2.2830E+11 1.0004E-02 9.9345E-03 1.004E-02 5.089E-03
18779 True 0.20778805696016475 228343314381.85486 2.2834E+11 1.0054E-02 9.9095E-03 1.002E-02 5.075E-03
1173 True 0.2060358875200725 228296935565.82922 2.2830E+11 1.0029E-02 1.0000E-02 9.987E-03 4.968E-03
62728 True 0.20651447060751246 228289589802.8297 2.2829E+11 1.0019E-02 9.9749E-03 9.989E-03 5.027E-03
50957 True 0.20456537286858337 228283778624.8581 2.2828E+11 9.9886E-03 1.0076E-02 1.001E-02 4.961E-03
39357 True 0.20319714326497706 228206810024.72522 2.2821E+11 9.9956E-03 1.0145E-02 1.001E-02 4.931E-03
42833 True 0.20680425668566527 228278963743.0165 2.2828E+11 1.0044E-02 9.9577E-03 9.986E-03 5.018E-03
27051 True 0.20611950665918702 228256482051.54922 2.2826E+11 1.0014E-02 9.9949E-03 9.988E-03 4.979E-03
64917 True 0.20683031379325156 228314174687.6738 2.2831E+11 9.9656E-03 9.9633E-03 1.005E-02 5.080E-03
6629 True 0.2054665970547235 228354193583.20126 2.2835E+11 9.9186E-03 1.0040E-02 1.004E-02 5.009E-03
39564 True 0.20609218797348586 228316289086.34235 2.2832E+11 1.0001E-02 1.0001E-02 1.001E-02 4.991E-03
48679 True 0.20804448508554252 228181423626.93146 2.2818E+11 1.0399E-02 9.8653E-03 9.946E-03 4.989E-03
13439 True 0.2062791612040789 228309908729.1704 2.2831E+11 9.9950E-03 9.9899E-03 1.001E-02 4.996E-03
90854 True 0.2064968310554022 228250523543.53983 2.2825E+11 1.0053E-02 9.9718E-03 1.000E-02 4.992E-03
79124 True 0.2066669845348489 228288141813.7084 2.2829E+11 1.0022E-02 9.9670E-03 9.996E-03 5.040E-03
21531 True 0.20436082138742823 228390192490.23383 2.2839E+11 9.7865E-03 1.0112E-02 1.004E-02 5.028E-03
59781 True 0.2056064309325591 228228290675.7091 2.2823E+11 1.0016E-02 1.0017E-02 9.966E-03 4.965E-03
22558 True 0.20577305398705426 228305543591.9825 2.2831E+11 9.9464E-03 1.0024E-02 1.001E-02 5.002E-03
95360 True 0.2058755521760032 228359674850.3255 2.2836E+11 9.9013E-03 1.0019E-02 1.006E-02 4.997E-03
681 True 0.20729815634801135 228312182338.64713 2.2831E+11 1.0049E-02 9.9328E-03 1.000E-02 5.047E-03
55606 True 0.20584822221478227 228383146195.6545 2.2838E+11 9.9371E-03 1.0022E-02 1.005E-02 5.038E-03
26317 True 0.20787178209435572 228217293603.2674 2.2822E+11 9.9283E-03 9.9071E-03 1.005E-02 4.929E-03
67347 True 0.20590762538250384 228306303952.4053 2.2831E+11 9.9887E-03 1.0011E-02 9.996E-03 5.031E-03
12586 True 0.2070031151445443 228171080627.87054 2.2817E+11 1.0063E-02 9.9405E-03 9.976E-03 4.903E-03
44122 True 0.2058730263797731 228362478477.53613 2.2836E+11 9.9029E-03 1.0017E-02 1.005E-02 4.992E-03
22658 True 0.20739464556660844 228241853942.7019 2.2824E+11 9.9692E-03 9.9303E-03 1.002E-02 4.968E-03
11120 True 0.2053442848814781 228310068266.85306 2.2831E+11 9.9874E-03 1.0040E-02 9.993E-03 5.015E-03
43553 True 0.2054226543514482 228311015418.83847 2.2831E+11 9.9245E-03 1.0037E-02 1.001E-02 5.009E-03
51353 True 0.20694013520774085 228308543017.8663 2.2831E+11 1.0026E-02 9.9533E-03 1.000E-02 5.047E-03
95413 True 0.20683031379325156 228314172926.0964 2.2831E+11 9.9656E-03 9.9633E-03 1.005E-02 5.080E-03
13877 True 0.20520431735252237 228392274961.29446 2.2839E+11 9.8581E-03 1.0064E-02 1.005E-02 5.036E-03
56825 True 0.20456537286858337 228283932377.04803 2.2828E+11 9.9886E-03 1.0075E-02 1.001E-02 4.961E-03
82327 True 0.2069257078972758 228187306783.07025 2.2819E+11 1.0057E-02 9.9462E-03 9.979E-03 4.913E-03
22736 True 0.20681865207233036 228236136377.32977 2.2824E+11 1.0125E-02 9.9497E-03 9.989E-03 4.991E-03
52925 True 0.20222377841016426 228146759678.38385 2.2815E+11 1.0001E-02 1.0200E-02 1.001E-02 4.907E-03
63392 True 0.20607734267350516 228293501413.85074 2.2829E+11 1.0016E-02 9.9979E-03 9.988E-03 5.024E-03
6056 True 0.20401234658195178 228448585876.3165 2.2845E+11 9.6646E-03 1.0144E-02 1.007E-02 5.045E-03
73422 True 0.20495302279346464 228379881932.60867 2.2838E+11 1.0045E-02 1.0055E-02 9.953E-03 5.151E-03
99495 True 0.2056897516614995 228268659370.86264 2.2827E+11 9.9830E-03 1.0023E-02 9.988E-03 4.921E-03
726 True 0.2055973133367122 228224478546.75522 2.2822E+11 1.0018E-02 1.0019E-02 9.962E-03 4.960E-03
62966 True 0.2062379972589562 228211882409.94748 2.2821E+11 1.0120E-02 9.9787E-03 9.930E-03 4.899E-03
25668 True 0.2065493032875371 228309545639.02258 2.2831E+11 9.9770E-03 9.9775E-03 1.001E-02 4.992E-03
67227 True 0.2072121296055436 228233779856.9692 2.2823E+11 1.0118E-02 9.9294E-03 9.950E-03 5.024E-03
66696 True 0.20814018027466985 228159316618.19836 2.2816E+11 1.0690E-02 9.8396E-03 9.883E-03 5.026E-03
3797 True 0.2049530239456351 228381952236.3558 2.2838E+11 1.0047E-02 1.0058E-02 9.951E-03 5.155E-03
27770 True 0.2067370097799537 228288164059.11713 2.2829E+11 1.0038E-02 9.9622E-03 9.986E-03 5.038E-03
85775 True 0.20679019200977442 228230197388.78378 2.2823E+11 1.0029E-02 9.9571E-03 9.991E-03 4.941E-03
5255 True 0.20558892853101743 228344498877.8007 2.2834E+11 9.9637E-03 1.0032E-02 1.002E-02 5.026E-03
57475 True 0.20599699714630892 228233792660.90057 2.2823E+11 1.0067E-02 9.9959E-03 9.953E-03 4.908E-03
93399 True 0.20649036537438983 228252208052.8361 2.2825E+11 1.0221E-02 9.9606E-03 9.962E-03 5.016E-03
91206 True 0.20674954001133725 228386775326.84036 2.2839E+11 9.9373E-03 9.9731E-03 1.011E-02 4.971E-03
54611 True 0.20967011191879095 228186978815.8285 2.2819E+11 1.0238E-02 9.7934E-03 9.894E-03 5.083E-03
15363 True 0.20760962231148997 228223541837.95514 2.2822E+11 9.9517E-03 9.9193E-03 1.004E-02 4.941E-03
61268 True 0.20042742156400303 227876847317.67 2.2788E+11 1.0302E-02 1.0249E-02 9.961E-03 4.784E-03
38394 True 0.20320698732231024 228350358494.68658 2.2835E+11 9.9419E-03 1.0164E-02 1.003E-02 4.994E-03
13404 True 0.2062222383044524 228309685457.81754 2.2831E+11 9.9797E-03 9.9943E-03 1.001E-02 4.998E-03
60562 True 0.20568063373706572 228263876860.17645 2.2826E+11 9.9825E-03 1.0021E-02 9.988E-03 4.910E-03
21548 True 0.2043351299830419 228419960485.77255 2.2842E+11 9.8291E-03 1.0107E-02 1.002E-02 5.092E-03
6439 True 0.20462704590601288 228487366500.75436 2.2849E+11 9.9427E-03 1.0095E-02 1.004E-02 5.106E-03
34407 True 0.20650739493105286 228311672944.54715 2.2831E+11 9.9947E-03 9.9784E-03 1.001E-02 5.031E-03
54738 True 0.20638324630504712 228234773472.4846 2.2823E+11 1.0080E-02 9.9747E-03 9.972E-03 4.954E-03
37526 True 0.20765437007494655 228239035842.448 2.2824E+11 1.0426E-02 9.8864E-03 9.962E-03 5.007E-03
91619 True 0.20601552336913495 228252557669.89938 2.2825E+11 1.0013E-02 1.0004E-02 1.003E-02 5.039E-03
74460 True 0.20606739021183482 228211500684.87357 2.2821E+11 1.0032E-02 9.9935E-03 9.968E-03 4.944E-03
15563 True 0.20432707908077732 228361833061.12384 2.2836E+11 9.9404E-03 1.0104E-02 1.005E-02 4.987E-03
28229 True 0.20513849222605185 228353631108.19797 2.2835E+11 1.0032E-02 1.0049E-02 9.960E-03 5.097E-03
10389 True 0.20696478729632634 228167516452.35992 2.2817E+11 1.0060E-02 9.9430E-03 9.978E-03 4.889E-03
33760 True 0.2053112340966148 228342680011.68536 2.2834E+11 9.8856E-03 1.0048E-02 1.003E-02 5.076E-03
55723 True 0.20575527610305933 228200093569.69495 2.2820E+11 1.0025E-02 1.0012E-02 9.955E-03 4.947E-03
85416 True 0.20721265450040055 228344808704.03134 2.2834E+11 9.9727E-03 9.9436E-03 1.003E-02 5.055E-03
36454 True 0.2065497322319242 228279015174.89682 2.2828E+11 1.0029E-02 9.9722E-03 1.002E-02 5.043E-03
79066 True 0.20791397748243778 227949774211.03745 2.2795E+11 1.0289E-02 9.8683E-03 9.823E-03 4.702E-03
2622 True 0.21428748391267158 228457216716.00558 2.2846E+11 9.6649E-03 9.6659E-03 1.011E-02 5.032E-03
18219 True 0.2158829934378401 227919662457.68384 2.2792E+11 1.0501E-02 9.5252E-03 9.762E-03 5.063E-03
54700 True 0.2040520241715948 228488880596.87427 2.2849E+11 9.9566E-03 1.0116E-02 1.004E-02 5.110E-03
25929 True 0.20331850218115555 228446913953.82162 2.2845E+11 9.7776E-03 1.0166E-02 1.002E-02 5.105E-03
85996 True 0.2052349451355413 228366133538.7154 2.2837E+11 9.9679E-03 1.0055E-02 1.001E-02 5.050E-03
15735 True 0.2020156278701936 228331534835.4761 2.2833E+11 1.0151E-02 1.0214E-02 1.011E-02 4.923E-03
30126 True 0.20701485448442047 228277039888.51285 2.2828E+11 1.0069E-02 9.9447E-03 9.977E-03 5.031E-03
34842 True 0.20449040605883662 228198095419.7944 2.2820E+11 9.9905E-03 1.0084E-02 9.950E-03 4.793E-03
79674 True 0.2063191705870896 228251201087.28882 2.2825E+11 1.0040E-02 9.9824E-03 1.001E-02 5.008E-03
96182 True 0.2072944193572157 228319734320.95505 2.2832E+11 1.0031E-02 9.9353E-03 1.001E-02 5.049E-03
94470 True 0.198893791074388 227605922860.50006 2.2761E+11 1.0508E-02 1.0299E-02 9.921E-03 4.664E-03
7378 True 0.21162168505626627 228097798892.48688 2.2810E+11 1.0459E-02 9.7267E-03 9.873E-03 5.032E-03
70184 True 0.20676106381865872 228344299226.19583 2.2834E+11 9.9518E-03 9.9686E-03 1.003E-02 5.060E-03
3564 True 0.20678180959977954 228200074700.40912 2.2820E+11 1.0057E-02 9.9543E-03 9.987E-03 4.929E-03
95204 True 0.20450702975099178 228206000973.68793 2.2821E+11 9.9848E-03 1.0082E-02 9.955E-03 4.808E-03
40896 True 0.2067918593653914 228277574960.80496 2.2828E+11 1.0225E-02 9.9464E-03 9.987E-03 5.032E-03
49470 True 0.2067673240724577 228140390444.6564 2.2814E+11 9.9832E-03 9.9568E-03 1.010E-02 4.938E-03
84413 True 0.20574874749136934 228348824672.49225 2.2835E+11 9.9940E-03 1.0016E-02 1.001E-02 5.049E-03
97887 True 0.2088378951732622 228477269473.58517 2.2848E+11 9.8004E-03 9.8782E-03 9.971E-03 5.079E-03
61001 True 0.20705185334556864 227771812264.57297 2.2777E+11 1.0504E-02 9.8897E-03 9.837E-03 4.875E-03
13723 True 0.20026495018187346 228226239074.93494 2.2823E+11 1.0492E-02 1.0258E-02 1.019E-02 4.757E-03
43625 True 0.21240278617756378 227684074185.51392 2.2768E+11 1.0520E-02 9.6724E-03 9.685E-03 4.509E-03
52425 True 0.20284541878671442 228347888992.1392 2.2835E+11 9.9378E-03 1.0181E-02 1.003E-02 4.986E-03
35494 True 0.2043260774285751 228419249676.514 2.2842E+11 9.9839E-03 1.0097E-02 9.939E-03 5.199E-03
19049 True 0.20742270294268425 228316778304.8446 2.2832E+11 1.0051E-02 9.9267E-03 1.001E-02 5.058E-03
52366 True 0.20701485448352877 228279538669.8037 2.2828E+11 1.0069E-02 9.9447E-03 9.977E-03 5.034E-03
7589 True 0.20627082858997486 228228819052.9761 2.2823E+11 9.9144E-03 9.9922E-03 1.001E-02 4.960E-03
31220 True 0.20487063178592899 228396757147.22287 2.2840E+11 9.8335E-03 1.0079E-02 1.006E-02 5.122E-03
58532 True 0.2042984165011993 228372372211.90646 2.2837E+11 9.9702E-03 1.0104E-02 1.000E-02 4.983E-03
4906 True 0.20166635343688935 227833496644.85315 2.2783E+11 1.0412E-02 1.0179E-02 9.943E-03 4.789E-03
75272 True 0.2122794888400149 228422642397.86642 2.2842E+11 9.7887E-03 9.7545E-03 1.012E-02 4.991E-03
25327 True 0.19646441104247364 229112335932.40198 2.2911E+11 9.1301E-03 1.0596E-02 1.030E-02 5.626E-03
90309 True 0.2047162515944628 228420878410.93127 2.2842E+11 9.9703E-03 1.0079E-02 9.946E-03 5.192E-03
33757 True 0.20336677917011672 228339199826.9298 2.2834E+11 9.9545E-03 1.0151E-02 1.003E-02 4.992E-03
52802 True 0.20875278403899766 228126312760.76663 2.2813E+11 1.0417E-02 9.8248E-03 9.949E-03 4.977E-03
49117 True 0.2060061874775739 228248273522.33176 2.2825E+11 9.8682E-03 1.0008E-02 1.002E-02 4.982E-03
87285 True 0.20498408787907446 228311192134.15872 2.2831E+11 9.9753E-03 1.0064E-02 9.993E-03 4.966E-03
22990 True 0.20703208986079077 227861129986.45282 2.2786E+11 1.0404E-02 9.9017E-03 9.868E-03 4.878E-03
16249 True 0.1989532314754628 228177414242.65363 2.2818E+11 1.0680E-02 1.0309E-02 1.023E-02 4.653E-03
82310 True 0.21189989193552874 227513477283.12634 2.2751E+11 1.0709E-02 9.6738E-03 9.592E-03 4.393E-03
36162 True 0.1938533452988453 227281194946.2616 2.2728E+11 1.0830E-02 1.0540E-02 9.849E-03 4.523E-03
71363 True 0.19075074238893788 229654244478.26953 2.2965E+11 8.5192E-03 1.1020E-02 1.052E-02 6.011E-03
59948 True 0.20427892262385608 228076321470.50287 2.2808E+11 1.0224E-02 1.0066E-02 9.951E-03 4.930E-03
25423 True 0.20307790408023352 228683848988.95724 2.2868E+11 9.5491E-03 1.0210E-02 1.021E-02 5.359E-03
54974 True 0.20708405414369824 228138202767.6626 2.2814E+11 1.0051E-02 9.9362E-03 1.008E-02 4.944E-03
49738 True 0.20374545321397175 228255017418.27603 2.2826E+11 1.0330E-02 1.0096E-02 1.010E-02 4.878E-03
25010 True 0.20798472164090295 228143014066.6701 2.2814E+11 1.0134E-02 9.8836E-03 9.907E-03 4.982E-03
35686 True 0.20750427013417952 228210559147.89383 2.2821E+11 9.5749E-03 9.9489E-03 9.784E-03 4.877E-03
76994 True 0.20592108851884516 228364324353.85617 2.2836E+11 9.8651E-03 1.0024E-02 1.009E-02 5.038E-03
61667 True 0.20603664909408426 228615745092.78305 2.2862E+11 9.6619E-03 1.0038E-02 9.964E-03 5.296E-03
87704 True 0.21384230104789542 228257064341.4785 2.2826E+11 9.8863E-03 9.6676E-03 1.000E-02 4.896E-03
25044 True 0.22851520319506385 227072831061.5532 2.2707E+11 1.1385E-02 8.8980E-03 9.564E-03 4.126E-03
35895 True 0.20538803885168602 228385597028.50656 2.2839E+11 1.0006E-02 1.0041E-02 9.961E-03 5.153E-03
56334 True 0.20673026452701024 228266986776.25558 2.2827E+11 9.0107E-03 1.0032E-02 9.674E-03 4.810E-03
65668 True 0.20599502307165254 228497190887.4784 2.2850E+11 9.7577E-03 1.0031E-02 1.003E-02 5.174E-03
59805 True 0.20360292371392055 228601014845.86716 2.2860E+11 9.6583E-03 1.0170E-02 1.016E-02 5.279E-03
59569 True 0.206148738823114 228199355831.9147 2.2820E+11 9.8694E-03 1.0001E-02 9.993E-03 4.959E-03
4384 True 0.20959393153731298 228624132161.99652 2.2862E+11 9.6920E-03 9.8530E-03 9.923E-03 5.138E-03
64587 True 0.21114479768514496 228204948689.37976 2.2820E+11 9.9583E-03 9.7854E-03 1.004E-02 4.917E-03
84948 True 0.19684334881957763 228297495052.96533 2.2830E+11 1.0732E-02 1.0434E-02 1.034E-02 4.587E-03
91050 True 0.18139318433029472 230664502365.16196 2.3066E+11 7.4986E-03 1.1742E-02 1.081E-02 6.723E-03
41977 True 0.24177520754062637 226464461773.07266 2.2646E+11 1.2051E-02 8.3539E-03 9.353E-03 3.692E-03
53905 True 0.20595246885051458 227919636452.05984 2.2792E+11 1.0212E-02 9.9737E-03 1.015E-02 4.856E-03
12100 True 0.20601603482776273 228355781942.85062 2.2836E+11 9.7901E-03 1.0025E-02 1.006E-02 5.018E-03
93509 True 0.20694125823162898 228422781309.6335 2.2842E+11 9.9134E-03 9.9661E-03 9.992E-03 5.142E-03
50692 True 0.20955930697487116 228269331539.69766 2.2827E+11 9.9860E-03 9.8188E-03 9.988E-03 4.971E-03
76757 True 0.20781324036790177 228030337915.2074 2.2803E+11 1.0258E-02 9.8785E-03 9.863E-03 4.954E-03
80802 True 0.20909225629909808 228095353610.77625 2.2810E+11 1.0466E-02 9.8034E-03 9.935E-03 4.956E-03
91401 True 0.20546547569130677 228311745109.65933 2.2831E+11 1.0040E-02 1.0028E-02 9.980E-03 4.998E-03
9167 True 0.20009776540737198 227831669403.35016 2.2783E+11 1.0363E-02 1.0258E-02 9.879E-03 4.775E-03
27218 True 0.21247470133221416 227711468099.1438 2.2771E+11 1.0490E-02 9.6722E-03 9.700E-03 4.527E-03
13396 True 0.19140791194442291 229064768740.1537 2.2906E+11 9.1335E-03 1.0876E-02 1.029E-02 5.478E-03
2365 True 0.20548705289656932 228155623806.2456 2.2816E+11 9.9152E-03 1.0027E-02 9.986E-03 4.938E-03
54185 True 0.20288248649464027 228708726051.40295 2.2871E+11 9.5812E-03 1.0221E-02 1.024E-02 5.392E-03
74726 True 0.20825142522243395 228415462878.67624 2.2842E+11 9.7600E-03 9.9082E-03 9.832E-03 5.344E-03
7497 True 0.21296455002426976 228213242346.58978 2.2821E+11 9.9286E-03 9.7073E-03 1.002E-02 4.891E-03
67557 True 0.1921271667106519 229015574820.92935 2.2902E+11 9.1869E-03 1.0829E-02 1.027E-02 5.453E-03
19609 True 0.21352557096875954 228397032776.4781 2.2840E+11 9.1234E-03 9.7352E-03 9.855E-03 5.322E-03
84047 True 0.2132081572004523 227234409294.98444 2.2723E+11 1.0937E-02 9.5860E-03 9.447E-03 4.162E-03
10608 True 0.1807257155885061 230725512476.489 2.3073E+11 7.4347E-03 1.1785E-02 1.083E-02 6.764E-03
69437 True 0.22516741326385972 228801141121.54947 2.2880E+11 1.0150E-02 9.1649E-03 1.001E-02 5.331E-03
15227 True 0.257012353688694 225730288964.7673 2.2573E+11 1.2866E-02 7.7793E-03 9.145E-03 3.144E-03
38508 True 0.20282871963132307 227818223179.02258 2.2782E+11 1.0008E-02 1.0153E-02 9.852E-03 4.908E-03
97681 True 0.2029484078007577 228463565000.74637 2.2846E+11 9.0570E-03 1.0241E-02 9.831E-03 4.979E-03
82635 True 0.20419610834603338 227858343428.73553 2.2786E+11 1.0568E-02 1.0040E-02 9.715E-03 5.014E-03
27159 True 0.20605331873111363 227940026332.0951 2.2794E+11 1.0193E-02 9.9710E-03 1.014E-02 4.876E-03
7813 True 0.207255407700152 228055957726.54562 2.2806E+11 1.0335E-02 9.9037E-03 9.810E-03 4.743E-03
47857 True 0.2071969166737557 228290325368.01575 2.2829E+11 1.0130E-02 9.9317E-03 1.005E-02 4.981E-03
70590 True 0.20644195900755022 228987305267.0186 2.2899E+11 9.4573E-03 1.0047E-02 9.946E-03 5.585E-03
51417 True 0.19517867916827197 228181189407.10492 2.2818E+11 1.1058E-02 1.0494E-02 1.037E-02 4.360E-03
56554 True 0.21535971379412883 227798561847.9102 2.2780E+11 1.0597E-02 9.5361E-03 9.820E-03 4.677E-03
14552 True 0.21662580268536397 228699645279.03644 2.2870E+11 9.8873E-03 9.5595E-03 9.960E-03 5.220E-03
33331 True 0.20338520580239147 228375091256.1611 2.2838E+11 9.9682E-03 1.0150E-02 1.004E-02 5.244E-03
66758 True 0.2045817872650615 227651068740.45413 2.2765E+11 1.0410E-02 1.0020E-02 1.024E-02 4.749E-03
49392 True 0.206807948725818 228953506297.8738 2.2895E+11 9.4382E-03 1.0029E-02 9.941E-03 5.570E-03
74516 True 0.2088421344704077 228186479139.4814 2.2819E+11 9.9223E-03 9.8557E-03 1.000E-02 4.913E-03
12389 True 0.209768971326718 228408697304.78366 2.2841E+11 9.5263E-03 9.8447E-03 9.841E-03 5.336E-03
50917 True 0.19120716258833034 228148345819.1693 2.2815E+11 1.1388E-02 1.0677E-02 1.050E-02 4.134E-03
78495 True 0.21327478533204744 227429919240.94742 2.2743E+11 1.0632E-02 9.6111E-03 9.516E-03 4.358E-03
2777 True 0.18352277263562777 229688502107.91226 2.2969E+11 8.6171E-03 1.1456E-02 1.050E-02 5.857E-03
99516 True 0.23291090612980314 229113816116.38058 2.2911E+11 1.0011E-02 8.8748E-03 1.011E-02 5.437E-03
87039 True 0.3388322065229325 222964657650.81497 2.2296E+11 1.5900E-02 5.7974E-03 8.401E-03 1.239E-03
69630 True 0.2024595091346059 227962142604.79202 2.2796E+11 1.0552E-02 1.0143E-02 9.764E-03 5.173E-03
3083 True 0.2063239921506131 228301645721.1345 2.2830E+11 9.0554E-03 1.0047E-02 9.718E-03 4.856E-03
22748 True 0.20647140795301114 228327884478.80606 2.2833E+11 9.7531E-03 9.9972E-03 1.003E-02 4.992E-03
39869 True 0.20752980345520097 227704200514.35617 2.2770E+11 1.0741E-02 9.8458E-03 1.015E-02 4.460E-03
71503 True 0.20863523699434486 228003705803.40292 2.2800E+11 1.0252E-02 9.8364E-03 9.827E-03 4.814E-03
22245 True 0.21229023828686927 227518118772.39145 2.2752E+11 1.0956E-02 9.6423E-03 9.455E-03 4.209E-03
82859 True 0.1972010425037296 227545812003.80457 2.2755E+11 1.0580E-02 1.0393E-02 9.845E-03 4.715E-03
74611 True 0.21548900621441838 228159921330.6061 2.2816E+11 9.0454E-03 9.6425E-03 9.682E-03 5.412E-03
17624 True 0.1875071568918954 229917516852.066 2.2992E+11 8.2186E-03 1.1252E-02 1.051E-02 6.174E-03
60848 True 0.22889682979871673 229039753758.57175 2.2904E+11 8.2104E-03 9.1329E-03 9.418E-03 6.014E-03
65662 True 0.20785651974640523 227969271521.11484 2.2797E+11 1.0435E-02 9.8616E-03 9.753E-03 4.657E-03
15145 True 0.20707360236920888 228098222884.81952 2.2810E+11 1.0239E-02 9.9221E-03 9.987E-03 4.890E-03
44736 True 0.19862287646520568 227299036683.38647 2.2730E+11 1.0506E-02 1.0295E-02 1.027E-02 4.584E-03
63300 True 0.211545125355795 228287329238.78397 2.2829E+11 9.2911E-03 9.8143E-03 9.855E-03 5.244E-03
3220 True 0.19085226977287048 228208951799.20895 2.2821E+11 1.1279E-02 1.0708E-02 1.050E-02 4.202E-03
36046 True 0.22033111853436926 227664768872.96686 2.2766E+11 9.2567E-03 9.3997E-03 9.361E-03 4.396E-03
63182 True 0.21733917543164138 227648502016.18814 2.2765E+11 1.0303E-02 9.4621E-03 1.008E-02 4.374E-03
7412 True 0.21734282298652496 227985784676.7865 2.2799E+11 8.9592E-03 9.5577E-03 9.625E-03 5.378E-03
39348 True 0.24619304441611176 229510759819.61502 2.2951E+11 7.0412E-03 8.5480E-03 9.106E-03 6.519E-03
52536 True 0.29067856409691245 224089873042.9147 2.2409E+11 1.4696E-02 6.7759E-03 8.707E-03 2.125E-03
44374 True 0.20424433361266922 227235270987.50537 2.2724E+11 1.1835E-02 9.9206E-03 1.036E-02 3.877E-03
3413 True 0.20994966435007523 227350331326.77814 2.2735E+11 1.1098E-02 9.6827E-03 9.568E-03 4.345E-03
48646 True 0.20632596709534215 228592818909.96356 2.2859E+11 9.4109E-03 1.0040E-02 1.010E-02 5.366E-03
21428 True 0.2091117981699943 228518380965.88266 2.2852E+11 9.6912E-03 9.8726E-03 9.792E-03 5.415E-03
97319 True 0.20032199426633213 227907595076.6489 2.2791E+11 1.0678E-02 1.0232E-02 9.674E-03 5.287E-03
54362 True 0.1929120910767161 227231182068.00375 2.2723E+11 1.0915E-02 1.0585E-02 9.865E-03 4.478E-03
8728 True 0.1928405888338041 229339346905.00308 2.2934E+11 8.8605E-03 1.0830E-02 1.034E-02 5.766E-03
24788 True 0.22212102130000944 227779037825.5089 2.2778E+11 1.0708E-02 9.2433E-03 9.643E-03 4.738E-03
7873 True 0.17153398889586596 230573383858.47113 2.3057E+11 8.3374E-03 1.2355E-02 1.099E-02 6.496E-03
72897 True 0.22443877052077663 228820336894.0375 2.2882E+11 9.6477E-03 9.2271E-03 1.000E-02 5.390E-03
19890 True 0.20768258935927245 227288132666.41403 2.2729E+11 8.3086E-03 9.9801E-03 9.327E-03 5.341E-03
13408 True 0.20772641178856469 228779994084.98654 2.2878E+11 9.5391E-03 9.9665E-03 9.881E-03 5.508E-03
55574 True 0.20708343177088565 228777371867.3209 2.2878E+11 9.6541E-03 9.9928E-03 1.022E-02 5.400E-03
73463 True 0.19549195781279516 227340072532.82025 2.2734E+11 9.6509E-03 1.0536E-02 1.021E-02 5.039E-03
50419 True 0.21902093598314465 227809667485.91272 2.2781E+11 1.0271E-02 9.3975E-03 1.008E-02 4.491E-03
88285 True 0.21613886906245977 228734663465.4746 2.2873E+11 8.3352E-03 9.6814E-03 9.710E-03 5.742E-03
96958 True 0.2169028385549997 227580963203.4578 2.2758E+11 1.0965E-02 9.4359E-03 9.365E-03 4.150E-03
93151 True 0.18150565497793097 229967886219.21396 2.2997E+11 8.5941E-03 1.1607E-02 1.067E-02 6.138E-03
83024 True 0.23890075343804829 225395441264.58032 2.2540E+11 1.3124E-02 8.3589E-03 9.189E-03 3.103E-03
31020 True 0.26897186861208927 230038163648.06848 2.3004E+11 5.6329E-03 7.8440E-03 8.742E-03 7.106E-03
91686 True 0.2077432532634567 227348817356.84485 2.2735E+11 1.0884E-02 9.8087E-03 9.663E-03 4.447E-03
37629 True 0.2034618005053048 228029130084.08414 2.2803E+11 1.0390E-02 1.0096E-02 9.621E-03 5.390E-03
35318 True 0.2070212320036694 228050421679.07745 2.2805E+11 1.0288E-02 9.9189E-03 9.994E-03 4.847E-03
79831 True 0.20374314120297607 229395320563.82956 2.2940E+11 8.4993E-03 1.0281E-02 1.019E-02 6.598E-03
16581 True 0.20610399613970257 228328071132.99258 2.2833E+11 1.3733E-02 9.7510E-03 1.127E-02 4.017E-03
39519 True 0.1964015404456711 229200997070.0245 2.2920E+11 9.0284E-03 1.0616E-02 1.023E-02 5.702E-03
64315 True 0.19485266481773672 228114354853.41107 2.2811E+11 1.1114E-02 1.0498E-02 1.043E-02 4.231E-03
31328 True 0.21450439870126164 226736799833.8728 2.2674E+11 1.2289E-02 9.4223E-03 1.009E-02 3.599E-03
66702 True 0.18075449518557693 226290038747.6865 2.2629E+11 1.2529E-02 1.1150E-02 9.963E-03 3.687E-03
52346 True 0.22262986675785076 227749048588.92737 2.2775E+11 9.4689E-03 9.2699E-03 9.369E-03 4.184E-03
5477 True 0.20629694692643347 227309681155.82605 2.2731E+11 1.0858E-02 9.8831E-03 1.005E-02 4.202E-03
40482 True 0.20635342674399892 227568838479.3172 2.2757E+11 1.0724E-02 9.9015E-03 9.650E-03 4.752E-03
35620 True 0.21242528123453064 227731398498.02225 2.2773E+11 1.0772E-02 9.6574E-03 9.451E-03 4.566E-03
23095 True 0.21554155316713766 228689531506.491 2.2869E+11 8.4640E-03 9.6970E-03 9.728E-03 5.683E-03
42712 True 0.1887722213987531 227371803978.91833 2.2737E+11 1.0471E-02 1.0876E-02 1.075E-02 4.854E-03
4625 True 0.18695346655892653 229302063825.61053 2.2930E+11 9.1011E-03 1.1195E-02 1.044E-02 5.212E-03
90991 True 0.1747435988148649 230439221780.73093 2.3044E+11 8.3559E-03 1.2119E-02 1.090E-02 6.507E-03
6905 True 0.2357825281437731 227517005824.1785 2.2752E+11 8.8385E-03 8.7701E-03 8.888E-03 3.674E-03
67386 True 0.23347966012911364 230690885473.1316 2.3069E+11 7.2443E-03 9.0582E-03 9.819E-03 6.905E-03
90406 True 0.2581167394338643 225360137312.67673 2.2536E+11 1.4407E-02 7.6676E-03 9.475E-03 2.692E-03
88948 True 0.20430900010330574 228812856221.25952 2.2881E+11 1.0135E-02 1.0112E-02 1.042E-02 5.285E-03
63741 True 0.20578857932161357 227284764453.74667 2.2728E+11 1.1711E-02 9.8512E-03 1.021E-02 3.916E-03
29428 True 0.2014634864179366 228379628648.51654 2.2838E+11 1.0033E-02 1.0237E-02 1.012E-02 5.062E-03
89211 True 0.21131707098145977 227854083162.0463 2.2785E+11 8.3713E-03 9.8658E-03 9.489E-03 5.479E-03
15430 True 0.2110892640279925 228531096953.3763 2.2853E+11 1.4426E-02 9.5122E-03 1.138E-02 3.840E-03
39085 True 0.19371988306547244 230076679436.51627 2.3008E+11 8.5335E-03 1.0845E-02 1.064E-02 7.480E-03
55411 True 0.18958518875898558 228651106184.87683 2.2865E+11 1.0398E-02 1.0905E-02 1.048E-02 4.611E-03
30241 True 0.18547517418176326 226487036040.8448 2.2649E+11 1.2223E-02 1.0900E-02 9.907E-03 3.828E-03
63479 True 0.18278561618010086 228456888716.80658 2.2846E+11 1.1686E-02 1.1203E-02 1.023E-02 6.824E-03
64740 True 0.22995395984747663 229744623272.81155 2.2974E+11 7.0160E-03 9.1803E-03 9.420E-03 6.351E-03
62124 True 0.20293870280132445 227182350290.88834 2.2718E+11 1.1069E-02 1.0041E-02 1.003E-02 4.144E-03
91662 True 0.2076826365664934 227298221384.80804 2.2730E+11 8.7368E-03 9.9516E-03 9.383E-03 5.193E-03
75960 True 0.2059160982193801 227289355893.62775 2.2729E+11 1.1382E-02 9.8673E-03 1.003E-02 4.149E-03
38674 True 0.20351755152196957 228414982173.46844 2.2841E+11 1.1058E-02 1.0068E-02 1.042E-02 4.776E-03
3464 True 0.20927689710864747 228237972060.12042 2.2824E+11 1.0522E-02 9.7967E-03 9.926E-03 4.755E-03
22204 True 0.19617480417584077 229552381562.88577 2.2955E+11 8.9853E-03 1.0646E-02 1.045E-02 6.897E-03
22139 True 0.18773743516834815 228312197309.4891 2.2831E+11 1.1449E-02 1.0914E-02 1.039E-02 5.294E-03
20674 True 0.17152876086553037 230573039691.77765 2.3057E+11 8.3406E-03 1.2365E-02 1.099E-02 6.495E-03
53637 True 0.17521370381845713 229806574133.65884 2.2981E+11 5.6168E-03 1.2296E-02 9.829E-03 6.110E-03
72693 True 0.24323753582080276 230600402813.57785 2.3060E+11 1.7906E-03 8.9462E-03 8.040E-03 8.122E-03
62721 True 0.19092575961552066 228034221944.05695 2.2803E+11 1.0465E-02 1.0761E-02 9.906E-03 6.288E-03
7574 True 0.21707357796175913 226978451703.72946 2.2698E+11 1.0714E-02 9.4214E-03 9.303E-03 4.552E-03
90752 True 0.21556158620403604 228362894330.885 2.2836E+11 1.6987E-02 9.1539E-03 1.195E-02 2.977E-03
49389 True 0.18418186580218332 228130491027.9031 2.2813E+11 8.9583E-03 1.1319E-02 1.047E-02 5.245E-03
58447 True 0.17945407462074928 226232394987.59314 2.2623E+11 1.2646E-02 1.1215E-02 9.863E-03 3.713E-03
65678 True 0.23130115728254177 226310217677.99863 2.2631E+11 1.2203E-02 8.7184E-03 8.717E-03 2.454E-03
45537 True 0.23849522573867768 228582857037.30746 2.2858E+11 6.4022E-03 8.8310E-03 8.595E-03 5.212E-03
48724 True 0.25219265838231025 231942427023.76587 2.3194E+11 5.1469E-03 8.5031E-03 9.490E-03 8.076E-03
11091 True 0.2671055575522477 227803443777.77652 2.2780E+11 1.0722E-02 7.6353E-03 9.648E-03 5.345E-03
89759 True 0.44274256905249515 221784223315.073 2.2178E+11 1.8569E-02 4.4455E-03 8.432E-03 8.338E-05
23624 True 0.2070468687297814 229526421535.56827 2.2953E+11 9.0634E-03 1.0068E-02 1.040E-02 6.963E-03
12917 True 0.21670956776492714 229430108077.16953 2.2943E+11 9.3572E-03 9.6174E-03 1.015E-02 5.726E-03
51152 True 0.1847818836091108 228590244165.7208 2.2859E+11 1.1436E-02 1.1100E-02 1.021E-02 6.872E-03
68012 True 0.1872483236360163 228760029882.81656 2.2876E+11 6.7354E-03 1.1334E-02 9.621E-03 5.790E-03
57995 True 0.17372267378146522 225921669081.009 2.2592E+11 1.2160E-02 1.1629E-02 1.115E-02 3.832E-03
95300 True 0.22725579103908888 227454074963.6371 2.2745E+11 1.0918E-02 8.9883E-03 9.862E-03 4.670E-03
30582 True 0.2413890591166494 226039863055.06024 2.2604E+11 1.0284E-02 8.4400E-03 8.389E-03 4.819E-03
24969 True 0.16258096727990173 231066569576.01642 2.3107E+11 7.9162E-03 1.3207E-02 1.123E-02 6.699E-03
11662 True 0.25124642838917416 229773748762.6211 2.2977E+11 1.9862E-02 7.7887E-03 1.333E-02 2.489E-03
807 True 0.2721711934175917 227786791870.55084 2.2779E+11 5.9686E-03 7.6684E-03 7.482E-03 3.480E-03
46486 True 0.20219375933292938 229069767063.56805 2.2907E+11 9.8093E-03 1.0261E-02 1.046E-02 5.731E-03
71331 True 0.2131978853854184 227444701716.36432 2.2744E+11 7.8673E-03 9.7912E-03 9.118E-03 5.514E-03
74421 True 0.21590516418659858 227976655218.28598 2.2798E+11 1.4180E-02 9.2980E-03 1.122E-02 3.472E-03
5096 True 0.1807821049624104 226822936710.68027 2.2682E+11 1.2343E-02 1.1186E-02 9.949E-03 4.504E-03
29218 True 0.18208959645453845 228038172895.85992 2.2804E+11 1.1462E-02 1.1239E-02 1.057E-02 3.726E-03
63944 True 0.2256472554782494 226281508143.64233 2.2628E+11 1.2200E-02 8.9335E-03 8.897E-03 2.556E-03
4261 True 0.26036976088467884 227853488119.73248 2.2785E+11 1.0750E-02 7.8344E-03 9.711E-03 5.299E-03
84677 True 0.3191238843258247 225153358390.9142 2.2515E+11 1.5235E-02 6.2089E-03 8.856E-03 2.272E-03
59818 True 0.33112701798817173 235701481264.55264 2.3570E+11 7.6824E-04 6.5516E-03 8.451E-03 1.073E-02
93393 True 0.20749804579858436 222997820605.1495 2.2300E+11 4.9956E-03 1.0010E-02 4.729E-03 2.619E-03
27296 True 0.19409195607641516 227457828410.2656 2.2746E+11 1.0504E-02 1.0561E-02 1.019E-02 4.399E-03
28137 True 0.18624871352266104 228761746785.87045 2.2876E+11 1.0422E-02 1.1099E-02 1.059E-02 5.059E-03
28452 True 0.1750579586521146 226705210761.63647 2.2671E+11 1.2488E-02 1.1548E-02 9.832E-03 4.683E-03
12312 True 0.223962344298096 227039346741.42407 2.2704E+11 1.0610E-02 9.1250E-03 9.242E-03 4.801E-03
21017 True 0.23594433849275856 229515160411.47797 2.2952E+11 6.0871E-03 8.9788E-03 8.951E-03 6.821E-03
89059 True 0.16188132060417706 232297919532.6595 2.3230E+11 5.3372E-03 1.3601E-02 1.179E-02 8.582E-03
36081 True 0.16351035467272085 224810812476.97803 2.2481E+11 1.2651E-02 1.2324E-02 1.148E-02 3.411E-03
88859 True 0.15696672940638298 231355530010.20065 2.3136E+11 2.4151E-03 1.4322E-02 1.015E-02 7.387E-03
51706 True 0.20394809604514855 227649044063.33218 2.2765E+11 1.2503E-02 9.9119E-03 1.091E-02 4.000E-03
57292 True 0.20447141708659516 228498631996.96445 2.2850E+11 1.1107E-02 1.0025E-02 1.044E-02 4.809E-03
38170 True 0.19415916788985016 230169301723.702 2.3017E+11 8.4611E-03 1.0819E-02 1.062E-02 7.552E-03
6218 True 0.21648375812610784 226823084900.3158 2.2682E+11 1.7201E-02 9.0405E-03 1.024E-02 6.542E-03
72050 True 0.2557717526763587 228212858946.2782 2.2821E+11 5.9090E-03 8.2288E-03 7.888E-03 3.962E-03
22038 True 0.2481674328058075 225676169707.59872 2.2568E+11 1.4309E-02 8.0076E-03 9.185E-03 3.084E-03
7554 True 0.1627064096131437 230057171644.09552 2.3006E+11 8.6802E-03 1.3065E-02 1.127E-02 6.169E-03
75801 True 0.2550963328590939 229718690774.2762 2.2972E+11 2.0179E-02 7.6620E-03 1.336E-02 2.356E-03
5979 True 0.31849311974444183 235143196482.1872 2.3514E+11 8.8014E-04 6.8136E-03 8.406E-03 1.044E-02
11904 True 0.4109413908266055 228543338156.41895 2.2854E+11 9.5333E-03 4.9995E-03 9.524E-03 5.791E-03
79524 True 0.20652697931327102 225705479157.5056 2.2571E+11 2.1760E-02 9.0684E-03 1.089E-02 6.075E-03
76186 True 0.19845749648282074 228883883234.99194 2.2888E+11 1.0522E-02 1.0387E-02 1.057E-02 5.192E-03
69599 True 0.19433833996237176 227037385637.4278 2.2704E+11 1.4606E-02 1.0218E-02 1.155E-02 3.075E-03
56363 True 0.21371609781714238 228242523950.5767 2.2824E+11 9.3114E-03 9.7090E-03 9.580E-03 6.277E-03
9134 True 0.18256330360521683 228619902332.79996 2.2862E+11 1.1088E-02 1.1265E-02 1.079E-02 4.822E-03
83892 True 0.15940509137274667 224591945034.47327 2.2459E+11 1.8450E-02 1.2033E-02 1.215E-02 1.004E-03
85776 True 0.2555189768107197 229721852107.1956 2.2972E+11 2.0398E-02 7.6415E-03 1.343E-02 2.287E-03
54170 True 0.14506330370177037 224466879925.63733 2.2447E+11 1.1992E-02 1.4040E-02 1.239E-02 3.540E-03
87600 True 0.31979391686390046 235167631126.60278 2.3517E+11 8.4266E-04 6.7836E-03 8.393E-03 1.046E-02
61028 True 0.3322748877223259 226633183919.31775 2.2663E+11 1.2125E-02 6.0819E-03 9.092E-03 4.502E-03
55668 True 0.17756016506745875 226751633179.9412 2.2675E+11 1.2784E-02 1.1362E-02 1.007E-02 4.458E-03
82868 True 0.232878712645926 230519566215.70728 2.3052E+11 3.0414E-03 9.2974E-03 8.524E-03 8.015E-03
49268 True 0.24209830227241178 225015399818.01837 2.2502E+11 1.5423E-02 8.1232E-03 9.041E-03 2.382E-03
31389 True 0.24398628613188206 226228222673.07242 2.2623E+11 1.0330E-02 8.3541E-03 8.523E-03 4.876E-03
26763 True 0.15372939368611244 231594305108.2246 2.3159E+11 4.0600E-03 1.4477E-02 1.141E-02 6.202E-03
99239 True 0.15212588320180578 234619271127.75046 2.3462E+11 1.7074E-03 1.5076E-02 1.241E-02 1.096E-02
98616 True 0.26466753880948357 230900739968.46243 2.3090E+11 2.6079E-03 8.1192E-03 8.052E-03 8.458E-03
53185 True 0.36127659954265223 227885944940.69675 2.2789E+11 1.7492E-03 5.7902E-03 5.556E-03 3.271E-03
92502 True 0.2550399970717149 226382126278.5313 2.2638E+11 6.9654E-03 8.1438E-03 7.827E-03 4.522E-03
6223 True 0.1707584322868127 230543059307.86676 2.3054E+11 8.0812E-03 1.2487E-02 1.131E-02 6.788E-03
82435 True 0.16649960870125408 229742304626.87985 2.2974E+11 1.0362E-02 1.2574E-02 1.131E-02 5.070E-03
96585 True 0.2618765191456258 234179924578.64505 2.3418E+11 2.8161E-04 8.4454E-03 9.599E-03 1.071E-02
73019 True 0.14130718231008932 230989264896.08383 2.3099E+11 4.6048E-03 1.5779E-02 1.192E-02 5.481E-03
64037 True 0.36551111432521594 227888904257.70453 2.2789E+11 1.4273E-03 5.7240E-03 5.409E-03 3.196E-03
48010 True 0.13577760337434616 223715322793.12405 2.2372E+11 1.1227E-02 1.5158E-02 1.264E-02 3.676E-03
48978 True 0.1949486956708985 226974002636.8892 2.2697E+11 1.4724E-02 1.0177E-02 1.155E-02 3.008E-03
48074 True 0.19326767512739995 225477207542.71622 2.2548E+11 2.0552E-02 9.7668E-03 1.109E-02 5.800E-03
19716 True 0.21628504929465098 228910558312.09454 2.2891E+11 9.6551E-03 9.5959E-03 1.032E-02 5.928E-03
62586 True 0.22327696390267143 230773854510.20694 2.3077E+11 4.5495E-03 9.6685E-03 9.208E-03 7.866E-03
16044 True 0.1805184556942123 223031304153.786 2.2303E+11 1.6706E-02 1.0649E-02 8.416E-03 2.667E-03
3119 True 0.15445886939627437 233716131973.4984 2.3372E+11 3.3102E-03 1.4613E-02 1.221E-02 9.866E-03
72461 True 0.472372799416833 236390476957.2936 2.3639E+11 3.3824E-04 4.3653E-03 7.828E-03 1.145E-02
25060 True 0.18984172892858892 232814386841.09476 2.3281E+11 2.1445E-03 1.1699E-02 1.030E-02 9.743E-03
99054 True 0.183671429546013 227908083790.32385 2.2791E+11 1.3253E-02 1.0986E-02 1.147E-02 3.704E-03
2020 True 0.23259204635626118 226682032450.94525 2.2668E+11 3.8825E-03 9.1284E-03 6.278E-03 5.341E-03
43611 True 0.2522777460819874 227391667386.89197 2.2739E+11 1.0249E-02 8.1216E-03 8.642E-03 4.835E-03
52491 True 0.17091220506986168 230488783567.29327 2.3049E+11 8.1435E-03 1.2473E-02 1.129E-02 6.759E-03
95396 True 0.1434287270371994 230328795572.98447 2.3033E+11 5.6091E-03 1.5354E-02 1.163E-02 5.247E-03
47887 True 0.26983643913161615 225491890047.4272 2.2549E+11 1.4507E-02 7.3417E-03 9.666E-03 3.399E-03
97416 True 0.1360728786125323 223709971423.81204 2.2371E+11 1.1270E-02 1.5122E-02 1.261E-02 3.669E-03
92744 True 0.38811945941287074 234204896455.31287 2.3420E+11 6.9126E-03 5.4391E-03 9.665E-03 8.445E-03
45583 True 0.4414145295046857 223688632928.20715 2.2369E+11 4.2424E-03 4.5928E-03 5.036E-03 4.083E-03
50564 True 0.19588478774985504 229388449970.9885 2.2939E+11 1.0326E-02 1.0559E-02 1.072E-02 6.905E-03
46123 True 0.18922212390976678 226213049544.56122 2.2621E+11 1.8730E-02 1.0164E-02 1.112E-02 5.941E-03
34100 True 0.15851813600765904 231462586682.10287 2.3146E+11 2.0821E-03 1.4215E-02 9.999E-03 7.610E-03
18897 True 0.1548589201274014 230679483473.0116 2.3068E+11 9.4485E-03 1.3727E-02 1.167E-02 5.439E-03
63219 True 0.1564136452314229 220256210277.37866 2.2026E+11 1.9138E-02 1.1943E-02 8.106E-03 1.232E-03
37040 True 0.30662974811117494 226706215461.4481 2.2671E+11 7.1879E-03 6.7115E-03 6.904E-03 2.861E-03
5747 True 0.30288460370830916 231586602820.84207 2.3159E+11 1.4789E-02 6.7254E-03 1.186E-02 4.848E-03
99579 True 0.19834409705962192 218802096123.9994 2.1880E+11 3.7298E-02 8.0087E-03 1.181E-02 2.212E-03
16085 True 0.19550255607753095 222929434525.84674 2.2293E+11 1.7052E-02 9.7974E-03 8.631E-03 1.878E-03
24207 True 0.16682151183777877 231269286451.59195 2.3127E+11 6.6822E-03 1.2983E-02 1.123E-02 7.592E-03
66553 True 0.1546916810449473 224223707448.70425 2.2422E+11 1.9026E-02 1.2320E-02 1.224E-02 6.936E-04
54530 True 0.156327377756012 230975632627.74683 2.3098E+11 6.6627E-03 1.3912E-02 1.104E-02 6.260E-03
50873 True 0.2699046598787583 231150202519.05148 2.3115E+11 1.8381E-03 7.9885E-03 7.829E-03 8.804E-03
72381 True 0.28575166285122355 224809880621.55264 2.2481E+11 2.0285E-02 6.7272E-03 1.108E-02 2.539E-03
11864 True 0.3454031652763302 228182247993.26865 2.2818E+11 4.4634E-03 6.0309E-03 6.693E-03 3.051E-03
23581 True 0.12225578704530941 222401259914.7909 2.2240E+11 9.8853E-03 1.7105E-02 1.303E-02 3.933E-03
42570 True 0.4957811557956423 238620074833.65726 2.3862E+11 6.8828E-03 3.9125E-03 1.070E-02 1.066E-02
43961 True 0.1943713075539595 228639802256.86804 2.2864E+11 1.0123E-02 1.0619E-02 1.150E-02 3.170E-03
34305 True 0.18816088303412792 233110980932.00998 2.3311E+11 1.4723E-03 1.1884E-02 1.027E-02 1.001E-02
20617 True 0.18742783675180535 222390992665.27127 2.2239E+11 1.5186E-02 1.0351E-02 7.726E-03 1.722E-03
74805 True 0.24255785180540684 232396436454.1098 2.3240E+11 2.0459E-02 8.1393E-03 1.471E-02 2.150E-03
4451 True 0.17140255256327983 228018636878.82904 2.2802E+11 1.1297E-02 1.2015E-02 1.102E-02 6.467E-03
87539 True 0.2590390251250294 228602434679.17047 2.2860E+11 4.6560E-03 8.1866E-03 7.142E-03 6.133E-03
84892 True 0.26027161942217514 226471590623.2627 2.2647E+11 6.4655E-03 7.9707E-03 7.644E-03 4.681E-03
48165 True 0.19616451090411222 220662891464.47125 2.2066E+11 1.7682E-02 9.6145E-03 7.293E-03 6.003E-04
321 True 0.18324118859479332 227486833536.37195 2.2749E+11 1.2447E-02 1.1063E-02 1.169E-02 2.524E-03
40723 True 0.18310459359390743 222641793313.20856 2.2264E+11 2.6466E-02 9.6778E-03 1.148E-02 3.985E-03
9212 True 0.22521963606309428 226837414149.6704 2.2684E+11 1.2284E-02 8.9695E-03 9.317E-03 4.099E-03
34838 True 0.15811569063275238 230847468560.8399 2.3085E+11 8.6606E-03 1.3515E-02 1.155E-02 6.052E-03
65217 True 0.34292168654161204 225426855440.16766 2.2543E+11 6.6975E-03 5.9710E-03 6.564E-03 4.528E-03
93061 True 0.1953144798719609 232431319678.44943 2.3243E+11 4.1268E-03 1.1172E-02 1.058E-02 8.838E-03
82404 True 0.18818889551770154 230233574340.46622 2.3023E+11 3.1881E-03 1.1625E-02 8.772E-03 6.976E-03
42174 True 0.18163702191525427 228036899611.02686 2.2804E+11 1.0534E-02 1.1347E-02 1.054E-02 6.085E-03
636 True 0.2572365334682509 230774778832.13806 2.3077E+11 3.0770E-03 8.3818E-03 8.378E-03 7.962E-03
73756 True 0.15372515045348242 226293276570.72388 2.2629E+11 1.6704E-02 1.2782E-02 1.169E-02 4.185E-03
72755 True 0.2866506170754828 224837114126.63458 2.2484E+11 2.0303E-02 6.7082E-03 1.110E-02 2.552E-03
78593 True 0.34297045520597874 232763849051.13113 2.3276E+11 6.3322E-03 6.1458E-03 9.016E-03 7.850E-03
35621 True 0.1140369943784753 220672667415.19638 2.2067E+11 8.0566E-03 1.8656E-02 1.274E-02 4.242E-03
94133 True 0.20220132698304116 229409373889.04062 2.2941E+11 1.2240E-02 1.0111E-02 1.216E-02 2.961E-03
87042 True 0.19885701722131796 218531781703.9243 2.1853E+11 4.0148E-02 7.7754E-03 1.247E-02 2.447E-03
70265 True 0.21642440761760276 228017606298.7599 2.2802E+11 1.0250E-02 9.5177E-03 9.496E-03 5.211E-03
43492 True 0.1826001287406539 230822154807.28278 2.3082E+11 6.7162E-03 1.1728E-02 1.044E-02 6.717E-03
99482 True 0.13807921951291569 229513670502.91577 2.2951E+11 1.6144E-02 1.4594E-02 1.421E-02 6.235E-03
1107 True 0.26194812089625785 227940055122.65115 2.2794E+11 7.4085E-03 7.9266E-03 7.839E-03 5.503E-03
66724 True 0.28291451576181625 228881263889.09286 2.2888E+11 9.9737E-03 7.2587E-03 8.463E-03 5.524E-03
34671 True 0.30444709728933966 229153542452.7361 2.2915E+11 3.9440E-03 6.9117E-03 7.324E-03 4.891E-03
30025 True 0.12379184080435122 221847758078.8798 2.2185E+11 1.1686E-02 1.6559E-02 1.258E-02 3.068E-03
24402 True 0.1978210494036558 231092355749.592 2.3109E+11 2.6177E-03 1.1075E-02 9.127E-03 7.799E-03
31264 True 0.1947006263512106 232698618359.40665 2.3270E+11 1.7225E-03 1.1394E-02 9.968E-03 9.428E-03
88015 True 0.1864325612592657 227865414067.96487 2.2787E+11 1.0900E-02 1.1005E-02 1.065E-02 5.393E-03
54942 True 0.17562529147030997 228633960652.6731 2.2863E+11 1.0136E-02 1.1808E-02 1.075E-02 6.078E-03
71252 True 0.17288797913628556 231139604132.34235 2.3114E+11 9.7683E-03 1.2157E-02 1.206E-02 7.579E-03
19764 True 0.16560016907537647 224372299102.9076 2.2437E+11 1.7037E-02 1.1701E-02 1.019E-02 2.962E-03
78676 True 0.15468416356066034 224251656764.0874 2.2425E+11 1.8960E-02 1.2328E-02 1.223E-02 7.204E-04
44820 True 0.26110570825005863 231482063421.7531 2.3148E+11 1.6989E-02 7.6819E-03 1.297E-02 2.345E-03
33816 True 0.30430833733028817 224488603290.43848 2.2449E+11 2.1261E-02 6.3134E-03 1.116E-02 2.286E-03
30837 True 0.2031575475913927 221570671022.02142 2.2157E+11 1.6830E-02 9.3542E-03 7.422E-03 1.144E-03
98956 True 0.200872755585471 232526793460.57092 2.3253E+11 3.8787E-03 1.0870E-02 1.039E-02 8.428E-03
84721 True 0.2301602958858145 227447957533.61768 2.2745E+11 1.0856E-02 8.8784E-03 9.171E-03 4.698E-03
64085 True 0.22498274853343495 231415689265.62186 2.3142E+11 4.9299E-03 9.5660E-03 1.006E-02 8.384E-03
51110 True 0.16708433122373767 230837590096.658 2.3084E+11 7.9018E-03 1.2818E-02 1.111E-02 6.312E-03
66584 True 0.15798524746698617 233141763263.03888 2.3314E+11 6.4218E-03 1.3888E-02 1.237E-02 9.176E-03
20470 True 0.15258610784920254 227980586882.87717 2.2798E+11 1.2886E-02 1.3407E-02 1.203E-02 7.261E-03
20640 True 0.1908034445772336 230125682515.66245 2.3013E+11 1.1124E-02 1.0836E-02 1.220E-02 4.154E-03
98733 True 0.18512056845027144 229570917340.6375 2.2957E+11 5.5557E-03 1.1595E-02 1.032E-02 5.931E-03
98771 True 0.14455566887749094 227229254946.1354 2.2723E+11 1.7367E-02 1.3610E-02 1.335E-02 3.841E-03
46991 True 0.25155799661041983 224579894965.5927 2.2458E+11 2.2514E-02 7.4735E-03 1.013E-02 4.245E-03
617 True 0.31176128860427366 226626429044.34766 2.2663E+11 1.4671E-02 6.4054E-03 1.071E-02 2.581E-03
7362 True 0.12697066468137558 222027559540.2794 2.2203E+11 8.9856E-03 1.6527E-02 1.199E-02 4.210E-03
1196 True 0.5625365211966846 223669460377.60345 2.2367E+11 8.2185E-03 3.0319E-03 4.123E-03 2.488E-03
5948 True 0.19466659673600728 217000209659.81616 2.1700E+11 5.1900E-02 6.9797E-03 1.501E-02 3.103E-03
3953 True 0.21379959732864093 230663277425.20798 2.3066E+11 5.2091E-04 1.0351E-02 9.151E-03 5.018E-03
41227 True 0.23319320344264163 229583461885.8284 2.2958E+11 5.4448E-03 9.1240E-03 8.574E-03 6.859E-03
15222 True 0.2565270857198309 230635902988.4649 2.3064E+11 3.4552E-04 8.5192E-03 7.475E-03 9.065E-03
9261 True 0.27449389235745053 229894865143.9328 2.2989E+11 1.2708E-02 7.4236E-03 1.022E-02 4.285E-03
48003 True 0.3463302996175473 226866219961.68234 2.2687E+11 1.4238E-02 5.8074E-03 1.056E-02 2.769E-03
14898 True 0.13315177946348428 232750939531.67792 2.3275E+11 1.1469E-03 1.7429E-02 1.130E-02 9.401E-03
90090 True 0.11820361691840664 228031072138.81094 2.2803E+11 2.2857E-02 1.6083E-02 1.619E-02 4.748E-03
96340 True 0.20693694872053048 231565071959.1572 2.3157E+11 3.0770E-03 1.0568E-02 9.461E-03 8.493E-03
79427 True 0.2189703432908192 226860895342.96182 2.2686E+11 1.2018E-02 9.2549E-03 9.162E-03 4.268E-03
78281 True 0.15934925444759065 227861952545.63022 2.2786E+11 1.3042E-02 1.2793E-02 1.191E-02 6.851E-03
41506 True 0.16063872122860656 230217953283.71457 2.3022E+11 1.4660E-02 1.2637E-02 1.285E-02 8.076E-03
61766 True 0.26078583364975677 231439909631.64444 2.3144E+11 1.6159E-02 7.7236E-03 1.270E-02 2.680E-03
19366 True 0.40569880848358447 228196042017.96295 2.2820E+11 2.7850E-03 5.1136E-03 5.827E-03 2.896E-03
52570 True 0.10723517028315387 216188417964.2972 2.1619E+11 1.0622E-02 1.9112E-02 1.328E-02 2.326E-03
14501 True 0.20328254510661453 229003580382.2457 2.2900E+11 1.0794E-02 1.0126E-02 1.018E-02 6.705E-03
38638 True 0.18861706921628918 228801714134.70587 2.2880E+11 1.0009E-02 1.0994E-02 1.012E-02 5.265E-03
95476 True 0.1791034137170585 230436322174.85477 2.3044E+11 9.7178E-03 1.1701E-02 1.172E-02 5.095E-03
73830 True 0.17348564160637822 224095797193.45868 2.2410E+11 1.0218E-02 1.1728E-02 1.028E-02 4.319E-03
8306 True 0.16434326949746444 219044219527.52023 2.1904E+11 2.2186E-02 1.0971E-02 8.030E-03 4.763E-04
9094 True 0.11830086838953215 233510380937.82785 2.3351E+11 1.3746E-03 2.0004E-02 1.208E-02 1.100E-02
75576 True 0.1834893632727341 219247489187.80032 2.1925E+11 3.8699E-02 8.4834E-03 1.351E-02 3.488E-03
71953 True 0.16708684536271162 230779858371.1711 2.3078E+11 7.9717E-03 1.2809E-02 1.110E-02 6.283E-03
61185 True 0.16115285999820148 228828701444.61188 2.2883E+11 1.5595E-02 1.2430E-02 1.225E-02 7.131E-03
12998 True 0.14701447850990076 227339642953.01828 2.2734E+11 1.5433E-02 1.3598E-02 1.274E-02 6.434E-03
15724 True 0.3092429033575177 226651018990.27075 2.2665E+11 1.4618E-02 6.4573E-03 1.070E-02 2.612E-03
91594 True 0.13745100794777992 229352947814.06302 2.2935E+11 1.8004E-02 1.4441E-02 1.477E-02 6.030E-03
6529 True 0.4063876248292907 235437309827.51245 2.3544E+11 1.5910E-02 5.1405E-03 1.338E-02 3.234E-03
81490 True 0.11684239538686396 218792282612.8318 2.1879E+11 1.0716E-02 1.7565E-02 1.308E-02 2.668E-03
38397 True 0.4874939422986645 227530182085.7918 2.2753E+11 3.4508E-03 4.1842E-03 5.377E-03 1.212E-03
40429 True 0.20490506029470776 228614330884.48196 2.2861E+11 4.3414E-03 1.0461E-02 8.953E-03 4.217E-03
25466 True 0.19835852137606283 228702655495.32068 2.2870E+11 9.4981E-03 1.0463E-02 9.746E-03 4.950E-03
31733 True 0.17730512986578645 221602476861.3614 2.2160E+11 2.4865E-02 1.0059E-02 1.194E-02 3.891E-03
69997 True 0.17080724610340559 221539608568.33893 2.2154E+11 7.2385E-03 1.2069E-02 9.552E-03 1.801E-03
19121 True 0.26193565557231474 233798650402.83176 2.3380E+11 7.1708E-04 8.4137E-03 9.492E-03 1.039E-02
63929 True 0.13863126571538067 225826393204.18674 2.2583E+11 1.8715E-02 1.3946E-02 1.347E-02 6.501E-03
87179 True 0.1397972072872846 226264276384.27374 2.2626E+11 2.4788E-02 1.3116E-02 1.376E-02 5.609E-03
37901 True 0.46708281100249394 227685482314.921 2.2769E+11 1.6399E-02 4.3237E-03 1.088E-02 1.921E-03
97610 True 0.19365160947872637 232507721306.5145 2.3251E+11 2.1121E-03 1.1415E-02 1.002E-02 9.231E-03
50867 True 0.21702560083307834 229461149348.90036 2.2946E+11 6.9138E-03 9.7546E-03 9.163E-03 8.136E-03
58313 True 0.1909513720729095 230455477346.67465 2.3046E+11 1.0288E-02 1.0907E-02 1.216E-02 4.174E-03
80826 True 0.18225672503042206 224027982797.9898 2.2403E+11 6.4144E-03 1.1466E-02 9.431E-03 5.884E-03
19487 True 0.23824907254741048 227102399017.75696 2.2710E+11 7.6375E-03 8.7238E-03 8.227E-03 5.277E-03
91522 True 0.15702144240862834 229064623868.0046 2.2906E+11 1.1692E-02 1.3202E-02 1.192E-02 6.359E-03
74076 True 0.1545225758204681 221590259736.84232 2.2159E+11 2.3104E-02 1.1728E-02 1.005E-02 2.286E-03
79756 True 0.11816084021805771 228355726459.6575 2.2836E+11 2.1584E-02 1.6316E-02 1.594E-02 5.118E-03
17991 True 0.5495620146085439 237513355380.00705 2.3751E+11 1.9499E-02 3.1743E-03 1.285E-02 2.353E-03
27062 True 0.19765444456662992 228036634539.07205 2.2804E+11 1.1555E-02 1.0324E-02 1.001E-02 4.847E-03
37868 True 0.2174971331126518 233134379281.40198 2.3313E+11 1.3242E-03 1.0213E-02 9.779E-03 9.811E-03
7558 True 0.23404479488615945 230391343081.77966 2.3039E+11 1.1551E-02 8.8006E-03 1.092E-02 5.471E-03
26073 True 0.16913972103409147 224692074404.72195 2.2469E+11 1.1871E-02 1.1956E-02 1.072E-02 5.802E-03
55565 True 0.3591318583606269 224891006652.01392 2.2489E+11 1.4682E-02 5.5541E-03 7.970E-03 1.937E-03
58615 True 0.09195651174388578 210862212337.72754 2.1086E+11 1.0747E-02 2.2175E-02 1.370E-02 1.637E-03
97951 True 0.1743086671459623 231216205486.59775 2.3122E+11 1.2869E-02 1.1789E-02 1.445E-02 1.143E-03
89387 True 0.17266524193992447 226215357797.2152 2.2622E+11 1.4786E-02 1.1505E-02 1.113E-02 2.586E-03
21624 True 0.16600920357872656 226298702871.49484 2.2630E+11 1.4614E-02 1.2013E-02 1.153E-02 6.048E-03
93687 True 0.1560500275768757 230620347546.63254 2.3062E+11 1.0062E-02 1.3549E-02 1.252E-02 7.272E-03
66855 True 0.15410280238169496 225470132180.1512 2.2547E+11 1.8263E-02 1.2530E-02 1.222E-02 5.707E-03
77666 True 0.14700798775903023 228800659246.7567 2.2880E+11 1.5680E-02 1.3675E-02 1.321E-02 6.333E-03
45522 True 0.25857037904367447 227852178083.65103 2.2785E+11 1.1325E-02 7.8667E-03 1.005E-02 4.973E-03
53635 True 0.2832420614582211 231700118389.28253 2.3170E+11 2.1374E-02 6.9709E-03 1.399E-02 1.633E-03
40619 True 0.5409123307029042 212766297815.70975 2.1277E+11 5.5659E-02 3.2484E-03 1.417E-02 7.666E-05
43310 True 0.19330986454675758 232728057610.26486 2.3273E+11 1.1431E-03 1.1524E-02 9.849E-03 9.658E-03
78985 True 0.19051660602121742 236626977745.50653 2.3663E+11 8.1363E-03 1.1370E-02 1.617E-02 1.471E-03
19794 True 0.16591536007019067 228252219440.6145 2.2825E+11 1.3238E-02 1.2262E-02 1.226E-02 7.686E-03
43802 True 0.16445027425799494 218900907319.91803 2.1890E+11 2.2336E-02 1.0939E-02 7.974E-03 3.921E-04
37335 True 0.2571810240959664 225947497002.96432 2.2595E+11 1.2418E-02 7.8008E-03 1.036E-02 3.489E-03
9172 True 0.28585244537445953 225720180907.97882 2.2572E+11 6.0304E-03 7.2214E-03 6.914E-03 5.560E-03
70761 True 0.12035731200865508 232263682936.50998 2.3226E+11 4.6370E-03 1.8997E-02 1.220E-02 1.034E-02
35171 True 0.10960245467282613 223279029360.2301 2.2328E+11 3.4326E-02 1.4980E-02 1.545E-02 3.713E-03
76344 True 0.1008301926094122 212995806774.6827 2.1300E+11 1.7859E-02 1.8691E-02 1.365E-02 2.108E-03
61540 True 0.19210416391010768 217086206375.2994 2.1709E+11 4.4809E-02 7.5764E-03 1.382E-02 2.481E-03
67941 True 0.17914194500237166 224653889913.5175 2.2465E+11 1.5419E-02 1.0929E-02 1.077E-02 2.046E-03
51953 True 0.17537110369234482 225694378095.48087 2.2569E+11 9.1063E-03 1.1780E-02 1.055E-02 6.595E-03
86744 True 0.2232837737097612 229763301879.72372 2.2976E+11 1.5240E-03 9.7814E-03 8.744E-03 5.117E-03
90477 True 0.16567300817147398 231417253537.5901 2.3142E+11 6.6214E-03 1.3087E-02 9.138E-03 6.388E-03
82270 True 0.2615581603783857 232929808336.98605 2.3293E+11 2.0119E-03 8.3459E-03 9.588E-03 9.630E-03
6936 True 0.24032395603216195 224144754578.28952 2.2414E+11 2.9821E-02 7.4183E-03 1.434E-02 1.724E-03
50931 True 0.1487643610056402 231006572392.42166 2.3101E+11 8.9013E-03 1.4411E-02 1.246E-02 7.769E-03
18293 True 0.24924647093994426 222524977714.5168 2.2252E+11 1.7705E-02 7.6812E-03 7.972E-03 1.327E-03
62939 True 0.5091768387399765 234894902687.6031 2.3489E+11 1.6461E-02 3.9326E-03 1.344E-02 8.442E-04
33754 True 0.1967118230271555 223948267859.02563 2.2395E+11 1.6177E-02 9.8525E-03 9.845E-03 1.808E-03
62739 True 0.16450796532299472 227368349186.72348 2.2737E+11 7.6048E-03 1.2876E-02 1.088E-02 6.786E-03
73979 True 0.253611414886322 232616540861.22397 2.3262E+11 1.8058E-03 8.6230E-03 9.528E-03 8.993E-03
50074 True 0.16681473634007835 219825805959.11838 2.1983E+11 2.0919E-02 1.0979E-02 8.100E-03 1.012E-03
12731 True 0.15870069786567984 229290892504.90692 2.2929E+11 1.1603E-02 1.3073E-02 1.234E-02 7.717E-03
28799 True 0.24433905220575822 223609658294.20502 2.2361E+11 3.2226E-02 7.1775E-03 1.476E-02 1.454E-03
34720 True 0.28835330801205195 225276128635.25504 2.2528E+11 1.2884E-02 6.9235E-03 1.008E-02 2.921E-03
44020 True 0.1286162037762627 225098156258.22842 2.2510E+11 3.1528E-02 1.3250E-02 1.513E-02 3.264E-03
68138 True 0.12734607138780016 232583094714.1631 2.3258E+11 4.1621E-03 1.7933E-02 1.222E-02 9.801E-03
97324 True 0.1913097433278139 237862308242.79303 2.3786E+11 8.3051E-03 1.1361E-02 1.683E-02 1.038E-03
33919 True 0.1688223380804987 227922189964.86755 2.2792E+11 1.5793E-02 1.1779E-02 1.210E-02 4.154E-03
87626 True 0.16570310196382793 233339136578.30197 2.3334E+11 4.2084E-03 1.3416E-02 9.317E-03 7.309E-03
72799 True 0.2711293627585789 223129154148.1079 2.2313E+11 1.6933E-02 7.1381E-03 7.971E-03 1.483E-03
14672 True 0.268484153603185 228472642020.93625 2.2847E+11 2.5703E-02 7.0533E-03 1.430E-02 1.562E-03
80474 True 0.28081092417371106 226974553084.86563 2.2697E+11 5.3313E-03 7.4170E-03 7.380E-03 6.268E-03
71813 True 0.13308677564738572 232088581725.46204 2.3209E+11 5.6486E-03 1.6828E-02 1.230E-02 9.163E-03
41813 True 0.2757576388670692 210054058536.5338 2.1005E+11 7.2120E-02 4.4611E-03 1.664E-02 2.884E-03
41438 True 0.20329478640302745 224799662424.36493 2.2480E+11 2.8518E-02 8.7191E-03 1.444E-02 2.601E-03
70915 True 0.2059163018143231 221348358870.86682 2.2135E+11 4.6202E-02 7.2635E-03 1.672E-02 2.135E-03
13567 True 0.19884055509039172 229841468768.68103 2.2984E+11 5.0997E-03 1.0779E-02 1.003E-02 4.759E-03
87004 True 0.18520353695877131 228569739279.6136 2.2857E+11 7.0351E-03 1.1432E-02 1.186E-02 4.293E-03
30397 True 0.18304195855823813 223803614807.8809 2.2380E+11 1.5934E-02 1.0614E-02 1.042E-02 7.131E-04
5040 True 0.16495058574836663 221493809698.7384 2.2149E+11 1.9814E-02 1.1306E-02 9.162E-03 2.414E-03
76924 True 0.2722389640143589 227933254995.26785 2.2793E+11 2.1848E-02 7.0863E-03 1.285E-02 2.345E-03
79026 True 0.12031870999666443 231877637691.90704 2.3188E+11 7.1349E-03 1.8578E-02 1.311E-02 9.000E-03
89928 True 0.11147829290197223 218936711574.76843 2.1894E+11 2.4569E-02 1.6020E-02 1.438E-02 2.675E-03
93370 True 0.19367847712575142 232292901913.0512 2.3229E+11 2.6456E-03 1.1370E-02 1.010E-02 9.271E-03
4311 True 0.21800892700299931 229146695342.23312 2.2915E+11 8.5861E-03 9.5985E-03 9.166E-03 8.952E-03
78017 True 0.18866452099345382 233881576997.378 2.3388E+11 7.7611E-03 1.1391E-02 1.470E-02 2.433E-03
56859 True 0.18161111297396385 227528561356.48346 2.2753E+11 1.4456E-02 1.1002E-02 1.209E-02 7.423E-03
63655 True 0.24950513031856406 224436559119.13226 2.2444E+11 1.4423E-02 7.8963E-03 9.880E-03 2.809E-03
47333 True 0.24783170054496445 225304327823.42374 2.2530E+11 1.6189E-02 7.8980E-03 1.031E-02 4.223E-03
10502 True 0.11966359279174832 224400060422.9112 2.2440E+11 3.5417E-02 1.3613E-02 1.588E-02 3.044E-03
50003 True 0.20330813867725317 228334653294.04276 2.2833E+11 5.7531E-03 1.0440E-02 9.583E-03 3.557E-03
4839 True 0.19119029002132443 237661224231.10654 2.3766E+11 8.4142E-03 1.1350E-02 1.674E-02 1.034E-03
79804 True 0.2372641916982382 229410790227.32288 2.2941E+11 9.2960E-03 8.7594E-03 7.933E-03 1.108E-02
93928 True 0.25019089270835343 224912348267.63403 2.2491E+11 2.6572E-02 7.3390E-03 1.403E-02 2.476E-03
14103 True 0.2523653432388724 218943896647.23126 2.1894E+11 3.9517E-02 6.4646E-03 1.295E-02 3.665E-03
55546 True 0.11083281205956644 231428953111.85446 2.3143E+11 8.0333E-03 2.0162E-02 1.427E-02 9.520E-03
81850 True 0.8416951104201428 234510985151.84155 2.3451E+11 2.6422E-02 1.3756E-03 1.425E-02 8.565E-04
21589 True 0.1871129194062545 229449436237.3481 2.2945E+11 5.7886E-03 1.1451E-02 1.143E-02 5.428E-03
45911 True 0.1800644833406877 224250273069.47327 2.2425E+11 1.4148E-02 1.0957E-02 9.332E-03 2.875E-03
81292 True 0.17281788433725528 234785948446.01193 2.3479E+11 5.6163E-03 1.2725E-02 1.180E-02 5.208E-03
10263 True 0.17136903745549958 228283708970.90884 2.2828E+11 2.0208E-02 1.1215E-02 1.302E-02 6.043E-03
67515 True 0.1672085115938108 222594292408.18658 2.2259E+11 2.7091E-02 1.0506E-02 1.422E-02 5.303E-03
26134 True 0.13694966864531388 230928422415.76532 2.3093E+11 6.0359E-03 1.6195E-02 1.152E-02 8.864E-03
57510 True 0.3272977626539957 208914150334.02182 2.0891E+11 7.5689E-02 4.1060E-03 1.699E-02 2.544E-03
26430 True 0.20922852340555118 222394332011.59686 2.2239E+11 1.8228E-02 9.0110E-03 8.507E-03 1.901E-03
37965 True 0.1850272746719882 229079397971.3283 2.2908E+11 7.2069E-03 1.1454E-02 9.626E-03 7.305E-03
86701 True 0.1829659754113959 223849627867.9334 2.2385E+11 1.5891E-02 1.0623E-02 1.043E-02 7.320E-04
75155 True 0.22498101886613445 229209498398.20737 2.2921E+11 1.3732E-02 8.9890E-03 1.234E-02 3.215E-03
3196 True 0.26459970584136416 225903385753.66995 2.2590E+11 1.1818E-02 7.6041E-03 1.029E-02 3.298E-03
88069 True 0.15478918919302376 217876704254.31497 2.1788E+11 4.7355E-02 8.8583E-03 1.473E-02 5.125E-03
29585 True 0.2632700181127626 223433002375.9473 2.2343E+11 2.8679E-02 6.8736E-03 1.372E-02 2.643E-03
56992 True 0.10803230530522108 231193079707.8123 2.3119E+11 8.2031E-03 2.0685E-02 1.444E-02 9.823E-03
40917 True 0.5373601460268126 230776663188.5315 2.3078E+11 2.0208E-02 3.3422E-03 1.341E-02 7.230E-04
72991 True 0.20376079080457754 228266795488.98364 2.2827E+11 6.0705E-03 1.0391E-02 9.640E-03 3.544E-03
54749 True 0.20539985858869042 227769417086.76044 2.2777E+11 1.0004E-02 1.0011E-02 1.098E-02 4.940E-03
82538 True 0.20683157769013977 234326953128.17154 2.3433E+11 9.3794E-03 1.0288E-02 1.491E-02 1.676E-03
95340 True 0.1823736071389253 224198090309.66617 2.2420E+11 2.2904E-02 1.0095E-02 1.274E-02 6.663E-03
20695 True 0.1710713982023684 231119487173.93958 2.3112E+11 1.4667E-02 1.1886E-02 1.243E-02 5.190E-03
88962 True 0.15882918496742668 220643191035.88907 2.2064E+11 2.1230E-02 1.1553E-02 8.705E-03 3.022E-03
10272 True 0.15048686442130782 230836895839.48965 2.3084E+11 5.2864E-03 1.4642E-02 1.051E-02 8.533E-03
66310 True 0.14002909749523781 222556075787.14606 2.2256E+11 1.9291E-02 1.3511E-02 1.215E-02 5.581E-03
71830 True 0.12321901478524037 224443187099.10962 2.2444E+11 3.4500E-02 1.3341E-02 1.562E-02 3.100E-03
91186 True 0.21196504084511203 224608285466.88962 2.2461E+11 1.6046E-02 9.2017E-03 1.037E-02 2.553E-03
54079 True 0.19785412024586124 230722534740.10635 2.3072E+11 3.3582E-03 1.1015E-02 9.755E-03 6.909E-03
38398 True 0.1883717216833476 231555871567.02902 2.3156E+11 1.9886E-03 1.1763E-02 1.181E-02 7.195E-03
6085 True 0.22517137872165097 225066629693.18695 2.2507E+11 1.3477E-02 8.8339E-03 1.034E-02 2.253E-03
85862 True 0.17417267451148793 223950102070.4496 2.2395E+11 2.2358E-02 1.0611E-02 1.265E-02 6.500E-03
61415 True 0.16588015877006584 219567643092.0087 2.1957E+11 4.0636E-02 9.1078E-03 1.390E-02 4.868E-03
45070 True 0.12700769718766364 224030380172.63602 2.2403E+11 3.1173E-02 1.3378E-02 1.486E-02 3.643E-03
69649 True 0.11400013153650777 230117102768.03693 2.3012E+11 9.3295E-03 1.9211E-02 1.385E-02 8.491E-03
40789 True 0.19334215732706586 229325513237.35446 2.2933E+11 2.4542E-03 1.1282E-02 9.399E-03 3.301E-03
49233 True 0.21389287609530255 233745777430.63452 2.3375E+11 1.5781E-02 9.5193E-03 1.570E-02 1.259E-03
15013 True 0.18067446406423654 224110247774.25034 2.2411E+11 1.5821E-02 1.0768E-02 1.129E-02 4.521E-03
81763 True 0.22961233678883272 229770576533.5683 2.2977E+11 3.0037E-03 9.4136E-03 5.492E-03 1.474E-02
70084 True 0.16734417824691727 236191392542.26416 2.3619E+11 7.1947E-03 1.3143E-02 1.180E-02 4.344E-03
6434 True 0.2503655161893007 224263184469.7187 2.2426E+11 2.5796E-02 7.3452E-03 1.327E-02 3.129E-03
72027 True 0.14193537346101595 215366124655.77887 2.1537E+11 3.0535E-02 1.1451E-02 7.202E-03 1.004E-03
54165 True 0.13351406520288342 230953717316.2926 2.3095E+11 6.2431E-03 1.6624E-02 1.180E-02 8.956E-03
68248 True 0.20137524250906644 231147873833.84714 2.3115E+11 2.5283E-03 1.0885E-02 9.630E-03 6.979E-03
48053 True 0.21408733324373463 228977744340.88556 2.2898E+11 1.1934E-02 9.5577E-03 1.140E-02 2.592E-03
36918 True 0.2175753044588344 222782333704.6777 2.2278E+11 1.9799E-02 8.6651E-03 9.495E-03 2.156E-03
33529 True 0.2354689396551639 222402672790.32538 2.2240E+11 7.4763E-03 8.6716E-03 6.664E-03 6.660E-03
1930 True 0.26357555362985235 230916410167.48376 2.3092E+11 1.2714E-02 7.7620E-03 1.172E-02 5.985E-03
32290 True 0.15547623640283645 217956491597.55493 2.1796E+11 4.7890E-02 8.7759E-03 1.496E-02 5.256E-03
58057 True 0.08112263400016069 221153219480.07697 2.2115E+11 4.1683E-02 1.8474E-02 1.669E-02 4.357E-03
25460 True 0.18949822375597922 231518959232.08475 2.3152E+11 2.0375E-03 1.1684E-02 1.161E-02 7.175E-03
24972 True 0.23572220491596552 225504088363.07742 2.2550E+11 2.2052E-02 8.0094E-03 1.147E-02 1.728E-03
77650 True 0.24778949617176038 224867964077.84915 2.2487E+11 1.3709E-02 8.0192E-03 9.762E-03 2.886E-03
74828 True 0.15496261063027386 230644306210.75537 2.3064E+11 4.9255E-03 1.4214E-02 1.037E-02 7.866E-03
66691 True 0.15417846678065833 221779017974.71515 2.2178E+11 2.9578E-02 1.1057E-02 1.532E-02 3.427E-03
3251 True 0.2537288516952645 224378382470.55792 2.2438E+11 2.6262E-02 7.2425E-03 1.356E-02 3.204E-03
47256 True 0.14034596486268539 231170564487.29056 2.3117E+11 5.3767E-03 1.5804E-02 1.205E-02 8.406E-03
42632 True 0.14249341451106484 215419202803.28473 2.1542E+11 3.0361E-02 1.1430E-02 7.198E-03 1.047E-03
72763 True 0.09704390387730594 214545062536.10425 2.1455E+11 3.4921E-02 1.5960E-02 1.450E-02 4.278E-03
54402 True 0.19728294814163758 227293135360.71313 2.2729E+11 9.5355E-03 1.0446E-02 1.018E-02 4.733E-03
20286 True 0.15829650655467428 230859876714.93317 2.3086E+11 1.6213E-02 1.2706E-02 1.608E-02 1.988E-03
16525 True 0.2829378295595723 232479568428.76773 2.3248E+11 1.2965E-03 7.6837E-03 9.283E-03 1.036E-02
78568 True 0.15988165797701454 218756794130.85886 2.1876E+11 4.4692E-02 8.9523E-03 1.457E-02 5.119E-03
30170 True 0.2925670643867854 230109810568.13815 2.3011E+11 2.7717E-02 6.5261E-03 1.586E-02 1.470E-03
55543 True 0.4443503083131692 230105809933.32468 2.3011E+11 2.3642E-02 4.5653E-03 1.763E-02 4.584E-03
96532 True 0.04057215392294336 209057231104.24258 2.0906E+11 6.9424E-02 2.2762E-02 2.063E-02 4.367E-03
86288 True 0.20440415864300193 223992734327.85736 2.2399E+11 2.2644E-02 9.0206E-03 1.439E-02 3.264E-03
22411 True 0.20016857452531828 229423678961.49847 2.2942E+11 2.5754E-03 1.0870E-02 8.537E-03 5.823E-03
34639 True 0.19502589251753025 228546506464.3637 2.2855E+11 7.2912E-03 1.0791E-02 9.915E-03 4.752E-03
35297 True 0.23621820328689014 221439735950.3004 2.2144E+11 1.9760E-02 7.9538E-03 7.246E-03 2.669E-03
11282 True 0.16403843500653884 234181367046.7568 2.3418E+11 1.0595E-02 1.2978E-02 1.341E-02 3.456E-03
60781 True 0.26025539804286607 225017421739.14932 2.2502E+11 1.3389E-02 7.6371E-03 9.664E-03 3.202E-03
39134 True 0.10690898348487272 231171649454.34048 2.3117E+11 8.3182E-03 2.0901E-02 1.453E-02 9.814E-03
49967 True 0.10666944313422097 217481229843.89874 2.1748E+11 3.1554E-02 1.5374E-02 1.479E-02 3.866E-03
33792 True 0.10246033096364206 213926195265.1426 2.1393E+11 3.9528E-02 1.4090E-02 1.035E-02 1.826E-03
17146 True 0.2373515365611176 220339768455.87433 2.2034E+11 2.1973E-02 7.7610E-03 7.477E-03 1.075E-03
41707 True 0.1595269165713847 238585787325.99866 2.3859E+11 8.8479E-03 1.3792E-02 1.263E-02 4.708E-03
49459 True 0.2421790358701969 224946484120.75134 2.2495E+11 2.3528E-02 7.7064E-03 1.308E-02 3.215E-03
26432 True 0.2576761482450683 219859953305.87396 2.1986E+11 7.5529E-03 7.7943E-03 5.319E-03 7.450E-03
31586 True 0.28504862100510214 230080616124.10684 2.3008E+11 2.6776E-02 6.7031E-03 1.562E-02 1.538E-03
24249 True 0.1338643205932679 215915306723.17288 2.1592E+11 5.5447E-02 8.8333E-03 1.692E-02 2.638E-03
81648 True 0.1182852381171956 216814983277.8389 2.1681E+11 3.2573E-02 1.3563E-02 1.017E-02 2.103E-03
90671 True 0.046372519593152056 210945686648.41754 2.1095E+11 6.3862E-02 2.2058E-02 1.975E-02 4.728E-03
78946 True 0.20381288367665396 224084251006.47974 2.2408E+11 2.2661E-02 9.0521E-03 1.457E-02 3.319E-03
46423 True 0.19705544366325572 228165995859.46768 2.2817E+11 4.9729E-03 1.0828E-02 9.151E-03 3.014E-03
87727 True 0.24237772307867084 224886237047.17224 2.2489E+11 5.2457E-03 8.6155E-03 5.407E-03 1.115E-02
92081 True 0.14049110365415476 226860045964.40125 2.2686E+11 1.3339E-02 1.4512E-02 1.048E-02 6.956E-03
98108 True 0.14292436950295942 236839353332.913 2.3684E+11 1.6488E-02 1.4484E-02 2.090E-02 3.060E-03
44928 True 0.2606462660398351 225692596375.94067 2.2569E+11 1.4153E-02 7.6165E-03 1.023E-02 2.646E-03
21499 True 0.37581514901485574 227165466906.7025 2.2717E+11 6.7509E-03 5.4727E-03 7.488E-03 2.089E-03
86204 True 0.06549568571068679 212017753913.9017 2.1202E+11 4.7935E-02 1.9842E-02 1.887E-02 2.770E-03
56069 True 0.19398211275824304 229021248680.30762 2.2902E+11 4.3435E-03 1.1090E-02 9.600E-03 3.868E-03
34554 True 0.1911676082837392 225013568581.72598 2.2501E+11 1.3357E-02 1.0385E-02 9.458E-03 3.485E-03
55842 True 0.1913068063506829 219427875387.848 2.1943E+11 2.6039E-02 9.1488E-03 8.669E-03 1.430E-03
58705 True 0.1581224757493401 234912845541.5408 2.3491E+11 1.1256E-02 1.3470E-02 1.754E-02 4.550E-03
21143 True 0.13869371679458967 221859172100.5437 2.2186E+11 3.2579E-02 1.1917E-02 1.342E-02 4.983E-03
23289 True 0.35481238999122583 223799501874.5743 2.2380E+11 1.8705E-02 5.5105E-03 1.044E-02 1.249E-03
69796 True 0.10855360052258789 221717281103.1927 2.2172E+11 4.2986E-02 1.3414E-02 1.743E-02 2.932E-03
1457 True 0.05868544081120242 210221886069.31653 2.1022E+11 5.2162E-02 2.0594E-02 1.954E-02 2.364E-03
77540 True 0.19086507066192693 228412318999.93256 2.2841E+11 5.5868E-03 1.1149E-02 9.416E-03 5.033E-03
85968 True 0.21566587566154258 228909260384.18567 2.2891E+11 5.1696E-03 9.9062E-03 6.110E-03 1.419E-02
89688 True 0.2478167752094817 219136198985.75134 2.1914E+11 5.5041E-03 8.2138E-03 4.378E-03 8.589E-03
97264 True 0.14153933988851083 242253927312.23572 2.4225E+11 1.1157E-03 1.6849E-02 1.134E-02 6.074E-03
51804 True 0.12959181212851725 218032133725.85794 2.1803E+11 3.1067E-02 1.2672E-02 1.011E-02 3.715E-03
33404 True 0.1271374633037721 225997997180.92798 2.2600E+11 1.6125E-02 1.5724E-02 1.195E-02 6.120E-03
73575 True 0.056849292168857715 212732115205.0172 2.1273E+11 5.7586E-02 1.9758E-02 1.846E-02 4.245E-03
40096 True 0.03174919379022271 203730985719.13904 2.0373E+11 1.0296E-01 6.7349E-03 2.372E-02 1.494E-03
39498 True 21.46271413803216 232669927471.76337 2.3267E+11 8.5092E-03 9.4678E-04 9.700E-03 3.662E-03
19081 True 0.21451839082245214 228349382302.31616 2.2835E+11 7.1993E-03 9.8071E-03 7.092E-03 1.293E-02
92047 True 0.21765337101101698 220822811267.8273 2.2082E+11 2.0919E-02 8.5123E-03 1.105E-02 4.563E-03
92376 True 0.1908196089578366 228278639160.9057 2.2828E+11 5.8598E-03 1.1162E-02 9.375E-03 5.289E-03
13512 True 0.16199428911224373 225568531804.05624 2.2557E+11 1.7676E-02 1.1972E-02 1.238E-02 5.263E-03
89212 True 0.12984306386861455 246615086704.29022 2.4662E+11 7.4119E-04 1.8948E-02 1.123E-02 5.627E-03
44419 True 0.4974922860252842 223676561560.60718 2.2368E+11 1.6997E-02 3.9814E-03 8.663E-03 3.559E-04
23046 True 0.08237088855168437 210266959395.75726 2.1027E+11 4.7068E-02 1.5353E-02 1.056E-02 1.428E-04
9959 True 0.19200229889831355 225686790717.05487 2.2569E+11 2.1885E-02 9.7346E-03 1.536E-02 3.286E-03
9900 True 0.18985429224407271 230560862262.21072 2.3056E+11 3.1676E-03 1.1529E-02 1.095E-02 6.617E-03
48363 True 0.22322211760807947 230871402508.65863 2.3087E+11 4.7427E-03 9.6378E-03 9.625E-03 9.386E-03
90378 True 0.16408895921398403 224957832732.83698 2.2496E+11 1.4951E-02 1.2054E-02 1.045E-02 3.023E-03
65660 True 0.26773283372559753 231976954856.63416 2.3198E+11 2.9213E-02 7.0632E-03 1.718E-02 1.626E-03
34127 True 0.48273182569824513 213160528907.04144 2.1316E+11 7.5909E-03 4.0068E-03 8.131E-03 2.282E-03
13350 True 0.10950585137538157 230713162974.95413 2.3071E+11 8.8521E-03 2.0222E-02 1.410E-02 9.510E-03
71519 True 0.09868359801095206 223358733928.19073 2.2336E+11 5.6173E-02 1.2325E-02 1.800E-02 3.385E-03
98479 True 0.03439101761735504 204446907602.97302 2.0445E+11 6.8548E-02 2.7773E-02 2.636E-02 2.951E-03
39906 True 0.032456353866324957 207509465696.2132 2.0751E+11 7.5934E-02 2.6482E-02 2.224E-02 5.658E-03
14583 True 0.19405942150555716 228968396086.33774 2.2897E+11 4.3922E-03 1.1078E-02 9.558E-03 3.798E-03
66780 True 0.21378352970895748 228245731293.669 2.2825E+11 7.7710E-03 9.8043E-03 7.414E-03 1.255E-02
73811 True 0.1887830519546104 225016858935.2516 2.2502E+11 1.7638E-02 1.0209E-02 1.108E-02 4.736E-03
77468 True 0.33025693194295885 223325997883.75293 2.2333E+11 1.9697E-02 5.8549E-03 1.045E-02 1.211E-03
51890 True 0.09089375920250649 220535470963.44052 2.2054E+11 6.2902E-02 1.1521E-02 1.882E-02 3.113E-03
92410 True 0.034786948980372795 203828020544.31735 2.0383E+11 6.7056E-02 2.8034E-02 2.719E-02 2.404E-03
64621 True 0.19558593243262704 226243073768.71912 2.2624E+11 2.5412E-02 9.3404E-03 1.892E-02 2.082E-03
32664 True 0.1978085916610911 220536205185.81348 2.2054E+11 2.0608E-02 9.3193E-03 7.606E-03 1.425E-03
50958 True 0.18254278254611078 223763170274.7798 2.2376E+11 1.5761E-02 1.0653E-02 1.038E-02 4.354E-04
78223 True 0.1248644648174616 247800971429.0709 2.4780E+11 6.9461E-04 1.9893E-02 1.139E-02 5.230E-03
31088 True 0.03039863248324282 210882409877.8094 2.1088E+11 8.4069E-02 2.5060E-02 1.771E-02 8.640E-03
3789 True 0.1900858283689456 224301949609.19943 2.2430E+11 1.8112E-02 1.0067E-02 1.052E-02 4.207E-03
98321 True 0.19042133354128996 221303831695.24094 2.2130E+11 3.0158E-02 8.9758E-03 1.163E-02 2.418E-03
74690 True 0.26873354338658895 231998784106.63235 2.3200E+11 2.9393E-02 7.0340E-03 1.724E-02 1.610E-03
94581 True 0.12679264827602338 213273233219.3438 2.1327E+11 6.9213E-02 7.0498E-03 1.893E-02 4.436E-03
29751 True 0.03444655674498491 204356521604.0541 2.0436E+11 6.8330E-02 2.7811E-02 2.648E-02 2.871E-03
587 True 0.2093546594703593 227745827931.30185 2.2775E+11 2.6452E-02 8.7382E-03 1.848E-02 1.959E-03
5668 True 0.19413238489618606 229099094695.53018 2.2910E+11 4.0080E-03 1.1106E-02 9.531E-03 3.787E-03
36430 True 0.2149160319910163 217977382104.97092 2.1798E+11 2.4451E-02 8.2615E-03 5.407E-03 2.210E-03
2390 True 0.1517337764077593 232440383777.16797 2.3244E+11 2.0359E-02 1.2924E-02 1.827E-02 2.878E-03
12862 True 0.1459432802453632 227468717571.2292 2.2747E+11 1.1852E-02 1.4152E-02 1.004E-02 7.066E-03
98937 True 0.28308046552888444 232484957509.11887 2.3248E+11 9.8154E-04 7.6909E-03 9.194E-03 1.046E-02
65406 True 0.03208027268672265 208109879190.85196 2.0811E+11 7.7382E-02 2.6229E-02 2.143E-02 6.189E-03
18424 True 0.20800505970804867 233088921398.27798 2.3309E+11 2.7546E-02 8.9990E-03 2.563E-02 1.822E-03
64836 True 0.22016039586232003 223386842602.01205 2.2339E+11 1.9434E-02 8.6178E-03 1.001E-02 3.451E-03
47139 True 0.19071882979776802 224508197406.29318 2.2451E+11 1.8995E-02 9.9801E-03 1.059E-02 3.737E-03
48904 True 0.26220141844394257 229233961592.0056 2.2923E+11 2.4258E-02 7.2876E-03 1.447E-02 3.110E-03
44074 True 0.13088258802407088 229860210724.49417 2.2986E+11 1.3673E-02 1.5857E-02 1.167E-02 6.629E-03
20092 True 0.11148667524346197 244015797870.22217 2.4402E+11 2.8059E-02 1.7615E-02 3.144E-02 2.386E-03
37730 True 0.09572086481041783 212618193085.65753 2.1262E+11 4.1614E-02 1.4534E-02 1.053E-02 1.938E-04
17902 True 0.03356663362259472 204109823822.48022 2.0411E+11 8.1986E-02 1.9499E-02 2.539E-02 2.328E-03
88661 True 0.00970141705343009 198058263826.54822 1.9806E+11 1.4042E-01 3.6327E-02 2.531E-02 5.749E-03
4768 True 0.1918021231868805 228252232998.0464 2.2825E+11 5.7293E-03 1.1084E-02 9.337E-03 5.267E-03
73022 True 0.22038483225969432 235618901904.75864 2.3562E+11 9.2283E-04 1.0188E-02 9.644E-03 9.388E-03
53157 True 0.18279315998495113 230360804721.8489 2.3036E+11 4.4915E-03 1.1884E-02 1.156E-02 6.792E-03
74226 True 0.3523939165747498 217456773394.22278 2.1746E+11 6.0706E-03 5.6361E-03 8.371E-03 2.888E-03
91506 True 0.10935677834620364 228307017694.60663 2.2831E+11 5.3779E-03 2.0694E-02 1.096E-02 1.080E-02
46906 True 0.10419359958609811 217643819273.07083 2.1764E+11 4.0371E-02 1.4063E-02 1.531E-02 8.062E-03
13921 True 0.6224735179816702 204536063124.7832 2.0454E+11 9.7639E-02 2.5352E-03 2.349E-02 8.896E-04
22561 True 0.19029544229216963 228513478764.24088 2.2851E+11 5.3470E-03 1.1238E-02 9.563E-03 3.673E-03
48784 True 0.1851254205165198 230053813727.26105 2.3005E+11 3.9616E-03 1.1755E-02 1.111E-02 6.891E-03
23751 True 0.2213771009239925 225269779913.23108 2.2527E+11 1.7687E-02 8.7418E-03 1.162E-02 3.882E-03
69301 True 0.2250907402540377 229397511967.85974 2.2940E+11 1.4407E-02 8.9541E-03 1.043E-02 9.195E-03
31668 True 0.12777844255951581 230781366569.48364 2.3078E+11 1.1899E-02 1.6598E-02 1.167E-02 7.083E-03
27736 True 0.12683067694315792 246248989201.11768 2.4625E+11 1.6674E-03 1.9297E-02 1.133E-02 4.921E-03
52792 True 0.11310942452303971 227866795991.15878 2.2787E+11 6.3839E-03 1.9721E-02 1.090E-02 9.794E-03
19747 True 0.07816383413919915 211581916891.0888 2.1158E+11 8.2525E-02 6.8180E-03 2.192E-02 1.526E-03
96826 True 0.008296188752603626 196439034052.8147 1.9644E+11 1.4985E-01 3.8609E-02 2.693E-02 6.037E-03
17949 True 0.20916016386325312 225430926905.68076 2.2543E+11 1.3061E-02 9.5021E-03 8.789E-03 2.635E-03
64169 True 0.19553239035771197 231795747406.03754 2.3180E+11 1.7497E-02 1.0173E-02 1.945E-02 3.981E-03
97409 True 0.2545307280913037 232670125041.82495 2.3267E+11 2.4114E-02 7.6189E-03 1.583E-02 3.052E-03
35170 True 0.09690332655609937 214223406794.4452 2.1422E+11 4.6307E-02 1.3551E-02 9.158E-03 2.877E-03
22259 True 0.035478601437350335 223879757559.29602 2.2388E+11 7.9604E-02 2.6500E-02 2.953E-02 3.931E-03
46167 True 0.20983443696932563 217884751086.9644 2.1788E+11 1.1369E-02 9.2212E-03 5.250E-03 7.397E-03
251 True 0.22065405651663791 234421116714.3709 2.3442E+11 2.8631E-03 1.0020E-02 9.873E-03 8.751E-03
61368 True 0.24203149811343158 231016664796.8484 2.3102E+11 2.1589E-02 8.0490E-03 1.422E-02 2.957E-03
17456 True 0.17024306789875338 227442080883.82312 2.2744E+11 9.6514E-03 1.2230E-02 1.104E-02 6.000E-03
44683 True 0.12998895837048 230531345727.48245 2.3053E+11 1.1953E-02 1.6266E-02 1.154E-02 6.875E-03
25028 True 0.1250903009332156 246984905492.42508 2.4698E+11 2.2025E-04 1.9872E-02 1.053E-02 5.094E-03
99477 True 0.12371422242545864 265069141721.85822 2.6507E+11 1.6201E-02 1.9026E-02 4.446E-02 3.786E-03
28534 True 0.04384319499870779 206172942520.56183 2.0617E+11 9.3338E-02 7.1786E-03 2.232E-02 1.708E-03
72398 True 0.009165413116178321 198140449753.54205 1.9814E+11 1.4417E-01 3.7234E-02 2.687E-02 5.841E-03
22519 True 0.21447240721663616 236369739074.7857 2.3637E+11 4.9499E-03 1.0261E-02 9.110E-03 1.660E-02
27663 True 0.2196382709207095 227933053874.48773 2.2793E+11 3.4469E-03 9.7920E-03 8.994E-03 2.752E-03
6167 True 0.2189398726128069 224734815495.82248 2.2473E+11 1.9806E-02 8.6980E-03 1.192E-02 3.822E-03
38621 True 0.1513376457168871 248061063171.8657 2.4806E+11 2.2235E-02 1.3694E-02 3.445E-02 2.741E-03
37932 True 0.12570131992296105 213615607863.57715 2.1362E+11 3.1375E-02 1.2658E-02 8.226E-03 3.332E-03
34702 True 0.822973887663987 208764867687.50555 2.0876E+11 2.2990E-02 1.4835E-03 7.443E-03 7.337E-04
50196 True 0.05781251186153137 195523709326.77533 1.9552E+11 7.2613E-02 9.9425E-03 8.376E-03 1.612E-03
60249 True 0.019100446635104965 201952132992.75803 2.0195E+11 1.0446E-01 2.5910E-02 2.592E-02 3.598E-03
60457 True 0.20582073636470127 224564881685.20963 2.2456E+11 1.6389E-02 9.4017E-03 8.717E-03 2.594E-03
5154 True 0.19765306385717546 233202164449.9759 2.3320E+11 2.8474E-02 9.3722E-03 2.828E-02 1.489E-03
32627 True 0.18852200410938846 228127256056.50244 2.2813E+11 6.3344E-03 1.1260E-02 9.600E-03 5.380E-03
58763 True 0.18897636143351118 235135673202.64194 2.3514E+11 6.4301E-03 1.1531E-02 9.624E-03 1.454E-02
59198 True 0.14505826938592778 237882902651.4466 2.3788E+11 8.2325E-03 1.5301E-02 1.110E-02 4.573E-03
60585 True 0.051734128844449244 210446352344.5738 2.1045E+11 6.1925E-02 1.9812E-02 2.161E-02 4.546E-03
46417 True 0.004627202022385724 167068343224.51038 1.6707E+11 2.7100E-01 5.7348E-02 4.158E-02 4.849E-03
7350 True 0.20560025307812274 223489874491.55896 2.2349E+11 1.7628E-02 9.2765E-03 1.368E-02 5.235E-03
75469 True 0.24087131173336077 222909892250.4333 2.2291E+11 2.1413E-02 7.7815E-03 1.203E-02 3.717E-03
78849 True 0.14179778769882534 231332679978.22043 2.3133E+11 1.6910E-02 1.4198E-02 1.656E-02 5.259E-03
14777 True 0.34646640855592786 220446685305.12286 2.2045E+11 4.7148E-03 5.8309E-03 8.392E-03 1.832E-03
26476 True 0.09603337026516238 298944537452.6127 2.9894E+11 2.5837E-02 2.6335E-02 7.678E-02 2.423E-03
47027 True 0.07904182540721531 228360931268.27356 2.2836E+11 5.0321E-03 3.0151E-02 1.256E-02 1.624E-02
5633 True 0.04976318065305974 215085761333.7926 2.1509E+11 6.3141E-02 2.1464E-02 1.729E-02 5.765E-03
25022 True 0.031023927160662136 202250254826.59296 2.0225E+11 1.0275E-01 6.8603E-03 2.146E-02 1.740E-03
99540 True 0.1814549238868868 235002965758.01245 2.3500E+11 7.9426E-03 1.1899E-02 9.618E-03 1.596E-02
75733 True 0.18433259586089346 220077210771.36725 2.2008E+11 3.3757E-02 8.8906E-03 1.128E-02 2.423E-03
9215 True 0.2419016881336284 222706992929.86264 2.2271E+11 2.1274E-02 7.7501E-03 1.171E-02 3.761E-03
11828 True 0.08212188535777702 203176196673.28137 2.0318E+11 6.0709E-02 1.0852E-02 1.013E-02 2.391E-03
5317 True 0.07112010025439436 208101579606.40213 2.0810E+11 6.2109E-02 1.3059E-02 1.350E-02 5.743E-04
86226 True 0.00462940293685455 168861305561.3205 1.6886E+11 2.6394E-01 5.6115E-02 4.074E-02 4.968E-03
56224 True 0.19609313353626995 233317676697.09473 2.3332E+11 2.7157E-02 9.5343E-03 2.709E-02 2.417E-03
75372 True 0.21726202313382598 232576011054.36163 2.3258E+11 5.1802E-03 9.9714E-03 9.389E-03 7.518E-03
12822 True 0.22359361400627223 220071447954.5961 2.2007E+11 1.5860E-02 8.5541E-03 8.180E-03 5.748E-03
88302 True 0.13343485150671516 222868082935.07242 2.2287E+11 2.3832E-02 1.3655E-02 1.385E-02 5.280E-03
86012 True 0.08087024377541932 228133712443.0699 2.2813E+11 5.5623E-03 2.9187E-02 1.245E-02 1.546E-02
38609 True 0.08096467907308887 343994552695.71423 3.4399E+11 4.8047E-02 3.1938E-02 1.342E-01 1.083E-04
79644 True 0.036496076555378724 216147531256.04773 2.1615E+11 7.6956E-02 2.4387E-02 2.244E-02 5.188E-03
89961 True 0.01690143259799537 199459645788.54208 1.9946E+11 1.1018E-01 2.6288E-02 2.155E-02 3.108E-03
